epochNum: 0
initialAveFitnessOfTopFourthIES: -1.0
19.0398 0.82429 15.33359 20.39767 2.11552 83.75743 6.13393 9.88058 -28.70913 14.26543 3.50318 8.12779 19.26583 9.09754 30.53644 13.37265 7.85206 -23.93418 24.96307 3.74454 90.68234 13.04566 2.01748 86.74817 2.61223 7.51377 -35.75731 11.45919 3.90579 65.55706 19.75082 2.91544 -50.81063 22.55774 4.07523 17.94466 19.74161 4.95789 -64.36254 6.98249 0.77279 73.66433 6.56756 6.90469 -62.66962 21.67186 4.18873 -67.79836 15.43397 0.00831 -3.95799 15.89851 1.02371 -37.96287 0.829 1.43582 -37.76576 2.02577 6.19138 98.5546 1.36418 0.94385 66.38228 1.25294 5.871 -52.85903, 3196.0
18.13216 4.32981 48.56378 2.69823 0.60416 33.22911 18.4779 1.49984 35.83829 3.83261 1.29618 48.01526 1.51488 5.19093 42.64101 7.5314 4.59437 -6.9741 5.55462 3.08825 -64.29749 14.29465 5.80219 99.75477 13.21724 9.78733 20.0793 18.61899 4.06379 -13.59763 14.8976 5.27139 -68.11304 12.40442 8.15524 -86.38193 17.53168 4.82188 94.50393 9.09766 4.67262 -86.4316 13.98912 7.60862 93.0661 2.31332 7.70598 -39.47376 12.73561 7.52678 52.06187 0.70905 3.51311 30.14401 20.77118 8.88316 67.27688 5.70536 2.74039 -31.45986 0.20476 5.69651 18.09676 7.25343 3.68645 -81.29233, 487.0
13.62319 8.19637 73.34203 23.1476 8.74725 72.39373 15.1112 8.75937 -86.44072 15.58144 9.8321 -47.74367 12.60131 1.31067 97.35277 13.67218 5.3724 31.52451 6.70474 2.47524 -7.60035 14.85517 9.2163 -44.40338 13.11916 5.20447 17.74182 17.74884 7.98738 64.52806 12.21292 9.56516 -97.77376 16.12049 7.45747 -59.69113 0.58833 0.2995 -26.52061 12.20168 7.64561 -92.13732 11.37836 2.07641 -35.54868 9.20524 8.0241 35.27679 2.45243 0.33281 -36.52386 23.43428 9.73727 -78.75347 12.13896 7.27582 52.47234 6.15491 6.55775 73.90843 4.91636 5.35582 -12.69506 18.5641 4.01262 -22.13837, 7648.0
2.48041 2.92704 3.61573 5.175 3.20734 -27.87194 0.12404 4.0987 80.4929 9.08305 6.91232 -92.22096 12.66318 5.40379 91.95727 14.95981 3.19052 -65.29811 16.24799 7.33638 -90.66237 14.88324 3.32025 -25.21473 5.17427 3.09981 -28.49148 2.99365 2.02188 -49.33052 13.27961 2.34743 -71.15807 16.44305 4.47858 62.53086 21.66176 2.56761 -91.03541 18.0048 0.89754 -58.80617 22.36025 9.93635 -48.32394 0.66744 6.72039 78.86694 16.33495 2.6128 59.85554 18.21068 8.4292 32.03319 15.15223 9.40514 -27.23621 17.55636 3.52304 -14.26366 4.15345 3.58574 -59.63331 7.37477 8.59797 54.50619, 449
11.62326 9.81694 -2.92492 18.46809 5.73718 -20.51942 6.92555 6.63308 83.59094 20.19548 3.38193 35.59216 17.4108 9.00865 -82.06297 3.3436 3.86696 -63.20538 24.30456 0.1204 -16.93477 19.71438 3.67302 11.09278 12.91082 6.65245 48.92398 14.43663 6.65319 61.86224 12.40442 3.64344 19.21339 11.06731 9.53097 7.09201 14.32009 5.70376 19.28497 21.93522 1.09212 -0.6366 12.384 8.8303 93.18233 18.80093 6.13737 -97.13947 2.72186 2.72757 -57.25127 21.64576 5.58605 64.04664 5.32878 7.83209 18.11606 3.33643 5.07883 -61.66673 0.52951 7.05724 97.9826 16.93044 2.1907 40.71208, -1.0
0.51162 5.99732 84.23532 19.41641 0.95503 74.82619 12.50424 3.76564 54.302 15.45699 1.86073 -20.72482 12.18548 6.81368 -22.37451 9.26963 7.17422 -22.29041 12.07064 2.82495 91.82591 17.51008 0.05065 -16.86556 24.17792 3.53379 -14.08088 7.76154 4.29175 19.4185 22.76065 1.7698 -10.86856 13.26051 1.83108 60.02883 24.77464 5.61912 14.43316 8.19351 8.34082 -5.54486 9.12732 1.89703 27.95841 22.85217 1.93475 -71.51086 0.00853 8.52372 50.20173 2.85778 4.38559 -29.34556 4.4335 5.06299 80.51678 4.56711 0.46692 -95.2436 14.83489 4.43785 69.96862 9.99989 0.53104 62.19927, -1.0
3.94028 1.00184 94.31249 22.24682 4.09116 -5.62762 14.56721 9.16947 -66.56123 19.52079 0.52053 -83.22004 9.84362 5.22236 34.01403 12.54569 5.07727 92.45207 24.39917 8.0441 27.92596 3.60424 2.4895 -29.27499 6.19287 7.7839 -28.37635 6.4231 7.54399 72.41686 13.34839 0.5423 28.26592 15.57374 1.40532 83.7722 8.3423 4.03093 -75.70771 2.58464 2.80976 54.18405 17.48284 3.80924 73.25762 10.772 9.66159 28.70168 24.4287 3.09994 23.15274 4.96004 3.56542 16.55099 20.36372 2.19704 10.56531 4.78878 9.89979 28.47369 17.12268 2.74405 7.94438 21.80603 8.34924 93.67949, -1.0
22.24815 2.2826 -36.94061 10.73026 2.0753 -46.30645 1.78166 9.76614 21.58438 9.92377 8.92543 -35.13754 2.56703 0.05026 11.27264 12.28012 7.6595 -59.35511 11.81733 5.44519 76.84734 1.69456 0.31733 -75.95186 7.94117 6.56592 -71.08974 15.58421 4.98081 -39.20684 9.7172 4.25074 75.81201 24.38133 0.71744 -35.69429 17.18348 2.7359 16.19729 0.08736 0.87682 -13.22683 23.14665 5.90018 -38.36922 9.76576 1.85853 57.73776 19.84808 5.01432 -37.29405 12.74653 4.33489 -53.87139 20.03087 4.33591 -22.90276 11.20801 6.60191 -77.20247 10.95925 4.25252 -80.38099 16.33426 9.9663 -75.46568, -1.0
18.48049 4.19857 65.97072 3.53558 0.41403 56.3017 14.32445 3.52004 -74.01021 7.62711 9.46581 -14.59952 3.40166 6.00066 43.65482 14.15303 8.3303 29.85099 15.53362 5.8661 -26.03576 5.46561 4.784 -6.71434 14.0769 7.78112 69.23182 10.40626 4.26842 29.83639 5.88633 2.41122 48.87486 17.89945 2.86431 -75.29103 0.67657 6.68679 96.55725 5.0616 1.43454 -1.71592 6.95295 7.6041 23.13951 6.51715 0.67166 74.77978 13.75278 2.5417 -79.08498 21.79353 6.15699 20.37272 5.83824 3.28912 -71.14083 8.66918 5.99158 28.58816 1.13863 3.83653 35.35608 2.78108 4.69945 84.83498, -1.0
13.62131 9.59029 -3.59988 18.46155 4.41551 -95.0284 5.85167 6.04965 -25.07522 12.21996 6.37626 -23.12435 8.90085 4.8824 86.91244 12.74259 8.18963 30.74469 0.60287 2.89264 37.46399 12.81889 5.80363 -72.06017 2.7167 7.75895 87.22546 24.89456 9.71122 58.13977 23.43133 2.11526 13.92848 21.30177 5.81746 -63.30702 5.78105 7.32012 -56.9745 16.58416 6.27954 -87.29303 19.72147 9.0383 16.37308 15.96449 3.38753 46.28895 18.74754 5.86099 4.7515 11.17091 9.02489 44.27318 16.46981 2.1418 -46.24755 21.02389 9.8145 18.98708 4.33753 5.67467 35.70031 7.20307 6.60953 43.1966, -1.0
10.40561 3.44588 -51.04592 2.06946 9.21753 -75.66974 5.45586 4.95647 32.06379 12.95207 5.90426 67.87289 20.12335 3.76949 44.16444 22.31085 2.93835 -47.71895 22.93125 6.59406 8.15588 7.77707 8.05902 -89.28821 6.30805 8.12007 -25.18465 17.12086 5.47491 46.17761 22.15068 2.29798 -95.33653 11.10703 3.86293 53.22136 3.5569 3.88418 -77.2591 22.31335 1.60114 -75.19558 8.53576 7.0585 52.44767 6.13966 3.40895 -71.51476 22.49838 7.96778 -17.27382 13.17827 9.11659 -62.05101 23.30176 8.01925 86.51676 18.22087 3.62294 -96.09175 17.07846 3.89155 29.01406 18.36468 2.94289 -72.89211, -1.0
2.38607 1.83751 40.08178 0.29395 7.9131 -30.06337 21.89405 4.05558 -48.18055 23.75195 5.24214 68.37317 13.60974 0.14326 -27.66589 2.35 2.90028 33.38893 1.68594 3.91028 -35.24835 1.49913 6.95727 57.78376 24.67774 5.06769 -29.49534 21.13147 8.44745 -56.17291 17.01392 1.54979 72.28005 21.01038 5.47368 -23.16027 24.47864 3.08936 -83.06203 12.0417 9.56679 60.41351 5.83267 5.99822 43.31399 8.81305 5.65741 77.58527 15.93606 8.36782 -78.98998 2.61858 0.11094 -59.85797 1.58977 9.86243 -59.56893 17.18088 4.89744 95.98133 22.50423 7.00447 -36.62341 13.44822 8.83669 46.39992, -1.0
6.56731 0.88488 10.62667 16.91108 2.39811 92.68462 7.86501 0.10515 -91.0557 18.14152 7.94312 23.04645 13.02474 6.34374 -94.63387 12.85193 6.29599 -42.81343 7.70974 0.61511 -40.65381 3.88121 9.62991 -67.41775 1.72575 9.74585 -8.71729 21.12228 7.84183 -52.40897 3.46202 7.61298 70.61814 12.69274 4.8925 -99.47788 1.17235 4.34569 23.05996 9.7596 1.12629 72.0325 21.87531 4.59567 13.88983 6.45293 4.65216 73.33069 16.973 0.29605 75.46278 7.22212 9.83551 91.49019 0.73835 1.36621 14.07266 22.27101 9.94901 -52.61341 8.75811 4.13731 -76.08866 14.02493 0.03044 -70.60131, -1.0
11.62473 3.55378 7.07354 21.02155 9.92487 43.93617 9.07846 0.64776 -29.38936 16.70097 3.66672 56.5162 20.02089 0.37779 -12.9294 2.55165 7.36779 -47.96863 4.31785 0.85705 -23.92572 24.0505 0.94735 -49.99101 14.91082 6.11645 -82.09725 11.57536 8.04945 -83.09049 3.89973 6.04035 73.65311 10.58664 6.59657 3.3297 6.55559 9.38993 27.0937 19.36287 7.54654 33.13272 0.83618 2.68687 -29.78927 1.55457 7.70602 27.78987 21.39565 6.47599 -97.1685 1.63167 5.25635 -93.3484 12.43877 8.25781 -79.28591 18.16922 5.18548 -72.72836 23.50067 0.99374 79.33392 3.67505 1.79854 -3.77152, -1.0
6.81795 6.06177 67.30479 9.05346 5.34056 64.13995 20.94959 0.9918 17.38318 13.73411 1.51762 75.52015 15.83115 4.26068 88.69046 20.58148 0.11996 -82.99278 24.76177 1.60398 98.12131 1.95178 9.95364 -70.87298 2.11048 1.00556 70.71231 8.68889 6.73682 21.35585 9.64299 8.52369 11.47878 9.88802 2.62346 -66.80996 4.06217 3.65183 89.35362 12.04581 6.22845 85.25989 6.39615 1.07811 -47.00353 10.16848 3.2366 6.77238 11.86338 4.96319 43.7447 7.5714 3.41064 -29.49776 12.49952 6.20416 -89.48383 4.93088 5.45797 -36.07321 3.75903 0.23376 49.90209 8.81596 1.88898 -72.76481, -1.0
0.21098 3.17394 -52.34038 5.92242 0.27397 -36.14365 2.06965 8.79486 -45.19841 8.60001 1.21593 32.95781 17.02719 4.74514 -44.54329 20.68931 4.50579 2.21199 7.25594 9.95331 -47.39937 13.00747 2.13943 -60.17683 17.35647 0.69386 35.06231 20.37801 9.3142 -79.97738 3.75222 9.8526 57.37214 13.24549 7.71722 -85.37676 9.41045 8.48971 -36.98344 4.60938 2.33128 78.82824 6.18023 7.07689 -48.63304 13.91163 0.05076 -5.70371 11.18171 1.3423 23.75561 16.4009 8.27277 -89.54401 8.41579 1.98001 -86.72486 14.90591 7.95017 -98.79841 6.09472 4.86015 -18.39805 24.57239 4.98295 -77.5023, -1.0
10.48999 5.67242 -75.81687 14.38221 9.48099 -63.26233 11.09281 4.55474 62.984 14.016 1.05892 81.45531 12.81397 4.93829 36.97307 6.63919 0.11316 -8.42541 15.60545 2.05303 80.63646 21.86136 7.3107 -47.02812 2.08578 1.3924 -81.34457 4.66021 2.10304 35.08215 22.28995 1.69037 79.77817 7.63316 2.30877 4.43335 11.53967 5.63099 23.36564 6.24304 0.67025 88.25932 3.40489 5.30563 56.45323 9.87681 2.08915 -66.05548 13.08693 3.16487 -95.34656 0.27322 7.38465 -31.0612 24.8701 2.55629 40.83654 22.8724 3.93811 8.67127 12.9372 2.83212 57.21307 14.86854 4.13287 -34.81562, -1.0
2.72845 3.11866 -95.83107 11.90424 0.50155 18.52833 11.14551 5.59693 -39.90037 2.02586 9.9913 -5.04954 4.75703 8.43147 60.15361 6.7555 9.06182 -31.10902 3.45717 2.89886 -75.96142 7.37692 7.2914 40.90633 1.58618 4.43359 -48.16039 3.61676 5.68876 94.61491 5.49985 6.26039 -29.28423 5.1464 9.96297 -3.36134 18.74631 7.31362 84.45288 0.25314 8.97313 36.01544 20.6875 5.8144 -79.263 10.49147 3.9577 4.93426 8.74884 8.36336 84.71698 2.85259 5.36327 7.41757 12.82385 3.07749 92.12686 19.97905 3.29644 -55.27206 19.37856 6.69042 -7.35613 23.03237 5.50574 44.75729, -1.0
8.90317 4.56188 64.27144 13.09983 4.18441 55.31463 0.49692 9.43271 -68.64816 11.9694 0.62805 17.378 6.5829 3.92709 49.80346 11.41853 4.88594 13.68848 16.46305 1.54898 8.00387 18.76097 1.83419 94.00092 10.57677 4.27433 90.91848 17.7377 3.32508 -32.20416 2.5802 5.45496 -30.82212 16.41964 2.96349 -38.61676 2.59349 9.81116 -48.29299 3.26955 2.83579 84.95367 11.50985 5.71616 45.06401 3.82351 7.73884 -97.9449 12.56383 0.5717 -3.08019 3.28069 9.23069 -6.04514 2.58382 8.3482 67.99328 0.92655 9.15196 42.84113 24.00032 6.18345 64.91436 20.16868 1.16974 -0.02723, -1.0
6.90286 4.13777 5.71198 22.53842 5.17052 12.94287 11.12516 6.06916 55.84439 1.52739 7.66913 67.73291 21.48112 8.84333 -2.65785 1.6843 4.42851 -98.88848 3.1618 5.17373 -9.83637 22.21333 2.64816 -79.48551 23.26883 4.44031 61.09403 17.54605 5.57072 32.78133 10.45544 6.88955 -23.59997 18.05952 5.34676 45.6745 23.82538 8.66595 9.43363 19.6795 3.71011 -38.80744 7.48425 6.23001 -54.50562 18.05595 1.00809 -17.10898 11.90053 5.51743 -4.98174 8.25589 3.65944 -68.47574 9.95538 4.75632 -47.09814 1.11325 8.02545 24.81969 23.29754 4.98106 -65.22892 7.72347 6.53579 -8.55028, -1.0
10.87874 1.65641 -23.84267 10.80223 1.48253 -85.10111 18.71807 0.20733 -32.32171 23.1488 7.21371 -99.57002 14.85741 1.90509 5.84703 18.65447 2.13688 -53.21921 20.61591 5.84104 70.26969 22.69265 9.91031 85.388 10.57536 0.79136 21.88908 9.5576 0.74684 -34.96758 12.3514 1.37274 -46.55862 24.07044 6.87795 -48.88127 7.35561 2.00382 67.183 8.13644 7.10692 6.24042 10.20855 6.65969 -16.08223 8.69741 3.40025 67.98246 9.49584 3.52481 -42.27667 7.33398 8.71403 45.78439 20.77593 7.72331 35.75613 5.72276 0.2221 30.08675 22.27143 9.90663 29.30373 23.84687 6.51876 67.78201, -1.0
7.42667 8.86169 46.66916 10.407 5.42553 35.76755 22.31625 0.49261 84.78949 8.72819 8.59792 83.86435 20.73341 0.60768 20.58955 18.93845 4.99258 97.43368 22.95827 3.52662 69.74525 2.20478 5.18145 76.25717 21.3699 7.81332 53.82923 19.10952 6.64594 -15.17497 20.4923 0.88411 -15.76163 15.93446 3.69767 39.37558 2.64679 8.92517 -49.20331 21.1356 9.0576 -97.3672 17.73174 2.64436 -54.78173 17.7494 6.84433 55.17916 5.11047 6.60564 47.54816 12.27847 0.24639 5.78483 2.64532 3.47902 -35.19681 2.73498 0.47877 99.99122 18.68361 2.67412 55.48757 5.3866 5.2325 -0.16747, -1.0
8.01177 6.52193 -97.42942 11.88625 6.54798 39.78991 24.0197 2.58306 -88.89505 9.94932 0.15101 13.39085 18.17955 1.74222 -21.16989 19.78305 7.01483 -28.79629 4.24451 3.10344 70.2168 19.12358 6.55679 14.22109 7.28458 0.40388 41.49356 20.63323 7.58953 -38.62122 4.97396 8.2019 1.61286 6.25241 5.06687 15.40142 10.61575 1.74676 90.08199 10.68612 1.19708 -30.04073 22.47937 0.83563 22.74615 22.15163 8.06207 96.27782 16.90495 4.96091 88.83814 7.87745 5.03069 78.80169 9.91632 1.29845 62.84082 12.5746 5.32338 -46.77365 5.22041 9.82841 -39.03737 10.9006 9.75985 72.45085, -1.0
14.94752 0.45838 -85.62122 14.5384 1.24685 -22.15482 9.94591 4.95347 -80.05158 22.45946 6.74429 -86.43329 14.86112 7.11889 -37.2638 9.88986 2.57783 -64.84592 24.15181 7.7086 -90.34228 23.731 2.76978 25.99705 2.691 7.63043 0.54841 15.60807 3.90739 62.19824 11.55446 0.61043 39.18426 8.38153 6.44474 -88.24145 14.79119 8.37762 -7.43395 18.52887 6.4688 23.21325 18.05462 9.71807 73.67406 2.3892 5.66601 -24.40924 14.76392 2.95444 -82.85254 11.52717 0.12854 52.64504 4.3997 5.18798 66.70951 21.56513 4.18233 -54.95309 3.08247 0.45734 54.84364 22.71636 2.14714 22.39522, -1.0
12.85102 1.02746 52.767 18.05705 0.15265 -27.60528 7.41551 1.60809 36.51193 4.38359 2.31603 21.64557 24.56149 0.60518 -39.78844 18.24364 2.22499 93.76721 11.40717 2.85695 -52.26901 12.51862 9.34493 29.45669 22.85971 5.32323 30.61708 2.24456 3.33291 74.784 2.26165 0.4321 -15.21945 1.13964 7.89428 76.01031 19.51995 5.29039 -68.40775 2.06506 4.29352 61.32202 20.26756 7.81956 -59.97769 5.91155 6.90408 -22.77535 19.38173 5.08446 50.56229 6.10547 4.17005 80.22132 24.40282 7.23904 78.45579 19.15357 7.89418 64.91964 21.13253 7.08451 -0.1553 17.18505 7.67327 92.02979, -1.0
16.39015 0.67359 24.19582 0.52169 7.67462 -32.62415 6.99762 2.75766 -3.54077 16.57975 1.03091 -72.97052 12.83021 4.45434 2.73605 13.16155 5.76949 -48.22126 4.09632 2.65763 95.94046 13.85599 8.47318 -36.20137 15.57949 2.27826 -36.52456 24.49715 0.0268 -28.97244 16.58748 1.71735 94.251 21.00124 5.37016 -66.70455 14.0078 7.59774 -80.22381 21.3008 7.86287 -68.86077 16.7217 7.94053 -15.83846 22.52878 2.28225 -56.32927 12.76336 2.45941 -95.34283 15.61785 8.3645 73.65324 1.85372 4.99835 6.75585 0.90234 3.4452 -71.34923 15.48713 7.37416 50.15834 6.07909 9.0268 -15.58119, -1.0
16.78008 3.22076 -51.80516 15.71746 1.7268 42.03646 4.24688 3.62572 -46.0102 3.85412 2.37368 9.48682 15.10334 3.94341 -38.14654 10.47837 3.86157 28.73875 9.13641 8.47142 72.51739 2.46108 5.20223 -68.11572 15.5757 7.12074 -63.0691 10.86288 9.08845 10.82431 21.64843 3.87121 89.18199 12.79346 8.05419 -75.21758 3.13082 8.03941 -11.15997 0.62225 5.03559 -96.49989 21.62592 7.58881 53.80914 4.87038 8.32865 -86.10269 13.66524 1.00537 38.69018 15.82131 2.33213 -44.35994 20.10474 3.72368 57.37118 6.22648 9.35639 -11.01437 7.90744 9.19903 -70.06947 17.32813 5.84171 -63.43076, -1.0
5.3971 0.55676 60.32125 17.42183 5.87767 -52.76463 24.08072 9.1634 40.68638 17.17611 7.55005 35.9743 4.1556 1.93068 76.57759 7.18938 5.78742 -11.02713 24.6646 5.69127 -97.65482 15.55235 7.07801 90.83004 14.55813 9.58488 9.9907 9.47942 5.19733 -59.42672 2.40054 8.71042 48.89056 17.64661 3.49855 -37.86174 20.10922 9.17654 22.0735 19.44746 8.5863 68.78429 3.96319 7.2999 -80.41235 22.56319 2.0816 45.40603 18.99935 2.4845 40.15682 15.58473 8.44395 82.91112 12.12579 7.77302 44.18119 22.4424 2.32718 49.30503 3.7081 1.3998 -73.36732 0.77111 2.39842 67.57994, -1.0
12.88733 2.35087 61.24456 24.80865 6.27391 12.84332 9.0242 3.95745 -40.04146 20.38583 1.14127 20.28562 11.38458 9.85622 76.41337 2.95801 5.10598 13.99652 24.91854 6.09669 -33.26431 3.05369 4.26752 42.04745 13.09969 6.1064 -6.79167 7.99789 5.76765 -32.12459 18.99568 7.39224 80.85443 12.38493 5.65858 72.32764 0.09209 3.22181 -82.35095 4.35144 9.22654 -50.76629 14.77738 5.60215 2.8682 4.53156 7.49251 -38.87301 11.92672 4.55347 -62.53035 19.21402 2.35663 -4.74262 10.17704 7.63025 21.83771 17.48102 4.81165 12.92587 8.10554 7.19879 -23.82359 16.17731 8.40908 -62.33805, -1.0
3.56387 5.60992 -66.86907 23.21006 1.39717 -40.74342 12.67173 2.55301 34.61367 9.48536 7.81873 -5.36415 16.53715 5.39554 37.0613 4.52856 6.35951 34.30564 11.43835 5.75873 -88.0966 7.08029 5.10966 -30.08528 1.58032 1.4236 41.18594 0.29132 2.62921 -71.65728 5.53191 4.55859 -45.27536 3.82511 5.96704 68.90499 18.41711 5.34489 -94.7943 5.46593 3.83454 84.13052 6.00105 3.335 -15.88939 15.99167 3.67774 21.04403 18.70835 9.00769 43.78581 11.38176 8.54073 21.50581 23.48042 3.42171 92.69369 15.84236 7.35337 -23.38609 18.69853 0.11938 52.19062 4.85473 7.88788 -39.87047, -1.0
12.19496 5.0506 -71.25021 1.33442 4.11406 51.99213 7.492 5.3096 -29.19228 18.64445 1.57216 83.77433 20.89012 6.65601 53.5575 23.27859 3.57834 16.3096 22.53033 3.72178 -75.29018 8.93131 8.5217 -59.9483 9.22172 4.59823 -55.77006 18.25376 9.74139 -96.39025 9.87722 3.07497 -16.53497 14.17294 0.01669 -75.87213 4.28729 7.80995 63.80749 3.06184 1.36264 -8.19276 15.50803 2.36265 66.59247 16.10855 0.9371 62.33866 1.51526 8.9787 32.89008 3.33335 9.38541 40.14977 13.26496 3.9142 17.40232 16.62105 5.5643 46.17383 19.07229 9.45953 32.79633 9.53201 6.62595 93.44982, -1.0
20.71595 7.75846 -22.51174 10.65837 3.94812 -96.87519 9.8343 1.32126 87.63805 20.26485 8.66243 7.97175 17.6461 8.13963 -69.90882 0.62685 8.12385 94.80042 24.45189 5.26273 68.17476 18.55445 4.13896 73.371 10.62831 0.42706 -85.07194 10.16389 0.00197 -70.19807 10.11631 8.88937 91.38425 23.01199 6.11068 -10.4935 22.36504 0.93703 68.20952 14.75146 1.1008 41.28509 7.71449 2.46954 52.44171 0.4055 4.3288 -10.32827 7.1551 2.74461 -92.06085 2.77785 4.59208 -97.9632 0.26148 5.4942 -11.5504 16.59281 9.05427 3.05954 10.1814 2.11752 -76.71718 2.26657 5.67029 1.1477, -1.0
6.40812 8.32766 52.64063 18.33587 5.80431 80.1364 7.25686 6.84723 -6.49044 13.93496 1.36324 -94.54984 23.64714 9.00148 1.90191 6.07859 2.77052 78.34219 13.4981 4.71302 -4.23221 0.62905 3.56387 -43.71386 17.64796 3.49159 62.23142 18.94504 5.6374 50.99014 16.40565 4.7256 30.87734 7.82697 3.52651 -78.46285 17.0485 3.08404 -90.64804 18.78716 8.90947 -92.21157 14.80022 6.70145 -55.7252 4.47489 7.74719 -20.43823 1.46221 9.36283 -77.58647 9.21374 1.69826 17.32749 1.99929 2.54949 -64.60116 20.33466 4.10099 3.20238 3.07301 4.62549 81.27258 14.90623 8.1182 -21.15059, -1.0
10.61668 9.90618 -91.17883 2.04631 9.76168 79.98229 23.31234 6.03642 13.02954 20.12253 1.89944 -68.72785 19.61313 5.20176 74.63575 15.47232 5.30846 53.237 19.486 3.68761 -45.78552 21.74961 3.14267 59.55972 3.54475 4.33135 -27.23814 0.34803 7.76016 -13.60307 20.14519 6.78125 98.61107 13.08142 3.0328 -94.18319 7.04572 4.93664 97.25888 8.50688 6.48923 50.77822 2.8227 6.94276 57.05957 24.16902 5.37418 -61.99353 23.90053 6.44264 82.13254 23.83996 4.3324 -98.06493 15.59833 4.79395 97.67981 20.36662 7.88894 -10.05566 14.47823 6.76263 -81.90401 20.74527 8.98739 -23.33291, -1.0
11.68017 9.32567 -65.83143 14.96732 2.27165 53.65572 11.98757 2.92355 -79.4742 3.46567 3.79598 49.3472 12.77356 3.30876 -46.87876 12.52692 7.62327 33.79868 2.24562 7.03135 -12.79586 2.56179 6.95285 -72.86529 9.57571 7.88023 41.07022 20.21171 5.47521 -21.18351 3.7219 5.56316 71.64272 7.26701 5.70461 -92.6639 20.57015 9.52732 -6.61985 4.57987 0.87799 36.79304 4.02445 4.99429 88.84826 16.56948 1.09137 0.40459 23.71547 8.7572 23.1643 20.00133 3.20419 -60.71535 15.19884 1.62937 -0.94655 17.63911 2.92384 37.3654 1.95899 5.4616 -50.12193 14.39553 6.39703 71.60064, -1.0
19.42394 6.43019 -67.69147 19.70277 2.93832 89.56285 5.04242 7.95272 12.62086 20.79566 6.54322 71.14437 13.24973 2.18335 82.53658 10.62103 2.72209 91.39647 4.62599 4.61402 18.63624 0.13922 8.31764 56.74352 5.08346 5.26884 -75.64382 18.70489 4.92255 -23.40715 19.78658 7.4649 -33.30348 2.41253 4.08573 93.41808 17.30824 2.53479 78.56364 0.71394 9.53354 -43.53624 13.44076 4.34588 58.94198 8.39202 5.00899 32.75703 6.08833 8.45468 36.11437 17.6008 1.73001 37.59886 0.31419 4.79395 76.33095 24.58331 8.71732 68.26362 13.63892 2.36821 56.8557 23.96324 7.46466 45.09307, -1.0
0.61016 3.70058 -36.64468 8.70103 8.09515 67.81732 19.68122 4.77514 88.88838 8.13421 6.87831 28.55254 5.85991 9.06228 -11.49888 1.51483 3.19816 45.92656 18.44421 0.65994 -49.43072 14.03914 5.18673 -49.50124 5.95784 8.37912 -9.74016 11.03593 1.17255 76.00844 4.29906 8.48363 -52.65513 24.02483 4.27853 -73.87214 6.98512 0.99282 56.00953 5.68628 3.90187 5.14642 16.4728 0.23314 56.14347 20.26423 9.67855 23.86267 22.38118 9.72695 4.16933 10.23495 9.24654 44.90258 16.06103 4.61377 78.24451 10.7889 9.56899 77.89247 15.96205 9.49764 -5.9523 14.86974 4.33049 -96.4326, -1.0
24.18826 9.46748 -96.56028 15.92761 5.58325 -28.68322 11.85079 7.51447 -10.20113 8.96527 9.42245 30.20875 17.62295 1.54399 -98.16853 12.79169 0.21311 -55.25696 16.55572 8.55793 89.82689 7.96032 5.36959 21.40169 3.30045 7.75218 95.24623 21.27349 9.23813 56.88334 10.15303 6.44339 97.198 17.99375 0.44542 13.31754 18.21168 7.51846 -45.30516 1.49186 0.13519 -99.09933 17.32197 5.13493 73.6414 11.07016 0.09391 89.94656 1.27077 0.18998 85.9611 24.36227 0.44884 42.11641 23.0276 0.8468 -64.77776 9.9409 6.36149 -48.91712 3.5005 1.30812 45.26273 13.76346 3.8112 -87.67242, -1.0
10.93808 8.34448 -18.5438 22.30036 3.19222 -47.29618 6.00062 9.11532 52.02115 9.05992 0.76523 9.64868 9.81091 1.82323 0.57484 18.68023 9.58171 -51.75055 17.73162 1.40205 -39.17688 15.54985 5.4366 -30.31299 15.4839 8.3588 32.61544 24.144 2.22849 -24.56715 3.37678 2.94574 -16.54798 10.48942 7.30037 68.18565 20.49156 3.0299 26.41295 14.50516 9.86933 -86.57003 3.56745 8.27986 -95.59512 5.98117 5.33353 -44.63948 19.5115 4.10637 -19.65565 6.4738 4.24383 35.28147 15.1502 4.24792 8.53017 0.58328 9.49223 -24.13006 22.76106 1.60073 -48.5434 17.61128 4.54099 49.30721, -1.0
12.79557 4.17546 -43.82137 7.3165 5.41013 -29.90047 18.59191 0.48691 -51.75373 4.57032 3.2998 -29.83421 19.96445 3.95408 95.20892 10.32542 4.53073 -87.56042 11.5834 1.15031 -80.37407 14.68198 6.52688 -29.16832 17.19839 0.24797 -26.6683 8.07889 3.97971 39.88184 14.1821 7.73089 -96.71352 23.73508 5.05123 -40.35515 8.60805 7.97584 -6.69842 16.08794 0.21481 -50.1924 11.35033 1.4016 1.68428 5.75786 9.64663 -99.84508 16.90553 9.59621 -95.3262 23.79312 6.51507 27.23908 8.65133 0.71793 41.17758 20.4335 9.87275 -94.07964 3.13913 3.56951 58.38976 10.18014 6.81857 53.65493, -1.0
9.25858 7.39853 -11.87059 4.91566 9.53863 86.74783 9.53658 4.11079 -17.54248 6.53621 1.25471 92.44488 5.33069 9.93723 -7.16388 17.83622 9.30477 86.33615 22.4373 4.40721 -83.1805 20.22888 2.45771 -70.61064 1.4024 2.33953 72.20124 2.92499 9.61709 -48.67381 14.0012 5.49291 3.58889 1.75352 5.22217 42.63564 15.28131 6.76244 63.93128 9.69071 4.699 18.1427 14.76387 6.17857 -66.31331 12.06205 6.30575 -35.80005 14.61437 5.02098 -62.15166 14.6849 9.81153 97.48633 9.84593 6.21223 -41.61424 18.9059 1.8839 21.58683 15.04563 4.38343 19.16787 9.98371 5.31298 55.16607, -1.0
0.70969 6.1791 -19.29608 16.92664 8.93326 50.33632 2.99691 3.5153 50.25241 7.28145 6.57413 -59.93494 19.03902 8.39025 -22.73391 17.27521 6.68441 -47.82063 11.15556 4.79651 63.89122 2.61088 8.5464 60.06804 7.39466 6.13912 2.73045 17.29444 3.20326 -7.51771 16.97909 9.25655 -37.90648 3.18818 2.75461 81.40251 8.11269 7.70968 -85.38448 10.15184 3.51114 -91.22376 23.74183 4.90891 -9.16431 18.93826 8.96774 15.96504 18.94774 8.24938 -56.24766 12.50754 3.62346 98.31067 6.80152 0.93656 -35.10861 17.89937 5.05215 -27.42634 14.02209 5.07293 52.52169 23.78881 5.2218 65.50203, -1.0
20.51347 5.70566 -54.88953 20.74723 5.9461 99.39022 10.15241 3.00414 -63.25195 0.13284 7.42257 33.59595 21.94244 4.4239 8.80724 13.50598 0.1119 85.71279 2.74464 0.724 78.98138 4.83561 2.66106 -13.15637 9.41974 7.6339 96.41938 19.80828 6.76903 87.80086 11.97388 3.15187 0.96179 20.71876 4.426 27.11164 12.90636 3.8696 72.25118 9.53493 4.80942 16.18386 22.46731 3.86851 -20.85469 7.03599 7.69667 81.05352 22.84863 0.44094 -53.48388 8.8908 8.21745 50.93729 8.20598 9.39315 -83.26077 7.40373 7.7897 -58.81953 23.60966 9.0142 49.25654 14.27711 0.18413 -74.54082, -1.0
12.63785 0.34076 15.29872 17.64585 8.12808 47.06703 4.35318 9.44181 89.20878 19.64867 9.94365 64.39681 0.13788 0.11123 -32.95473 6.43896 6.13774 -3.847 1.6061 7.02006 5.10651 1.68578 4.53066 12.28646 0.32388 3.33815 -24.42794 13.59187 6.14135 54.55125 11.10422 3.43413 1.70484 22.40603 6.56907 53.45369 0.32807 7.53548 62.03497 23.23652 2.18821 -92.12384 6.54271 2.41226 28.74309 7.50018 1.35932 14.88791 1.47991 9.65187 81.47153 23.11011 0.40596 -7.90774 23.43076 3.66267 -17.67252 14.38524 7.44752 -45.76133 18.8004 3.3671 52.04553 16.59625 1.79266 11.64379, -1.0
5.61594 7.22699 -52.66173 11.66917 6.30238 -30.81922 3.69542 2.06848 -50.57009 9.49337 6.94034 -2.0841 1.74071 3.75462 41.1367 17.3979 8.27131 -13.01353 0.83712 9.7717 -79.05722 19.6383 2.41174 -87.79927 2.5399 3.8784 15.24078 16.72753 8.61158 -53.17222 22.31334 1.96804 78.8542 7.36851 7.31499 -46.03206 15.57792 5.33261 92.15335 21.04396 8.51976 44.7554 17.89962 6.03693 -21.53005 9.04589 5.28278 46.52615 17.94224 7.81761 25.19266 13.36179 5.0726 49.1377 24.00747 5.90114 92.77472 15.71504 6.2117 -7.14736 16.5184 5.14505 -57.03709 14.23244 8.26391 97.04928, -1.0
6.37801 2.91112 50.5357 19.20373 9.08623 24.77558 5.68514 9.92286 6.54324 6.35195 9.06429 -97.44311 2.60576 5.50831 -90.82048 14.1372 4.59981 -88.16248 13.72339 0.16334 26.68855 1.24148 5.75549 -51.7876 12.22964 3.05203 -11.38364 14.17064 4.24241 -71.91259 0.08665 5.67868 -48.56675 5.08772 7.09884 6.63585 15.1668 8.83087 80.04219 15.17676 3.74548 -83.75346 10.01717 4.50293 -42.65941 22.45206 4.19184 85.2627 13.26572 2.95696 14.22761 18.72653 5.09001 -84.87072 15.40406 2.90132 -58.71762 21.28609 1.48118 55.23446 15.99632 2.65295 -55.43734 9.81595 8.38425 -12.49411, -1.0
13.31829 1.38856 -65.61049 24.7727 0.69091 -83.22358 9.87614 9.73699 -43.80933 20.93843 2.66032 -8.97555 17.40244 2.52467 -56.6077 20.56799 8.64058 91.40757 11.61935 6.02303 -68.20088 2.82754 8.60306 -59.9987 16.24222 5.76446 -35.59415 4.66102 2.29907 70.59791 18.73135 3.20053 -4.42226 1.31656 8.73381 45.0162 20.33328 0.6252 1.83012 21.5267 0.43244 29.452 16.3149 3.43843 86.10056 15.70917 8.80799 56.25332 13.41746 3.51207 -24.5116 16.99152 2.69716 -80.9715 17.83495 0.83511 -60.35749 17.69002 7.70457 -31.48104 4.70258 1.75374 76.05431 2.60113 7.64508 -73.23591, -1.0
21.71251 8.519 51.4712 3.15619 4.35852 28.85776 1.95648 3.38234 -23.48317 8.85809 4.83547 -81.41243 11.47447 7.51499 25.50691 22.35466 9.94075 37.05171 12.98135 3.55185 -19.04633 17.51824 6.3661 8.39621 24.96263 4.98217 -67.08562 22.99226 3.0847 57.16847 7.65191 2.76618 29.45595 3.75239 0.86266 -85.48982 8.46291 9.45326 -16.75933 16.88557 1.32357 44.86563 1.90321 9.98532 99.54088 18.68875 4.79067 72.96956 6.87221 3.22173 -95.57337 10.95304 9.19562 -11.82635 12.79691 8.41688 36.60004 21.27987 4.33394 -62.50999 6.15753 4.58645 -63.24761 1.5359 7.17984 -42.20223, -1.0
6.281 1.31805 90.70008 11.20309 5.94524 -94.27868 12.44022 8.67937 98.1898 5.11857 7.81134 -23.15794 20.80017 7.17334 50.55842 19.56941 3.39884 -17.71341 18.48507 9.6738 -55.21471 20.53907 6.62695 -43.20001 6.51275 9.5712 -59.3189 2.78584 9.82088 35.09262 3.49561 3.09591 -3.17328 21.12638 1.00326 32.44803 3.10433 2.26687 -58.20128 11.0112 1.52709 -48.05171 14.39736 0.35511 -68.7481 6.84664 5.73034 36.79216 12.22646 2.56242 5.24854 5.99596 5.1547 -95.57915 17.54417 6.55542 59.78246 0.89744 2.83259 -49.05329 12.60344 1.20919 -44.03541 1.16404 8.28229 -61.18577, -1.0
14.16604 7.51945 -49.86748 23.0682 8.21698 54.90441 6.39835 2.674 70.00081 20.47366 0.4061 92.17847 23.58439 9.65469 59.43167 22.18096 3.39694 39.55691 7.45419 0.5797 -19.68541 15.92722 3.98079 -73.00236 10.64096 4.01616 8.4929 11.08851 1.66353 -71.69814 8.09038 4.24698 92.25359 19.7121 2.60309 83.43979 19.26139 6.8632 -32.64612 7.39834 0.5159 -88.87095 16.80005 5.52589 59.04025 4.39069 9.8211 43.67124 15.62366 1.04012 68.44363 6.92334 4.715 31.89206 12.0463 3.44206 31.80432 16.52925 0.79302 87.70627 11.52713 2.09822 -64.03978 2.45677 4.67807 -18.28228, -1.0
