epochNum: 0
initialAveFitnessOfTopFourthIES: -1
9.6205 0.8769 50.178 14.9025 2.6085 26.848 7.152 7.462 -0.62 2.06125 4.0697 24.356 6.6635 0.0542 89.076 10.96775 0.8327 -98.089 1.7685 5.7434 19.237 3.4255 1.7155 57.162 16.57425 1.463 -75.163 22.627 7.5966 87.841 12.61625 7.4006 47.8 21.32375 7.3478 -80.314 15.921 8.2965 31.809 10.074 2.7589 64.981 16.60275 3.3119 -87.187 14.507 3.901 84.95 4.53425 7.6461 45.27 8.91875 1.1038 54.544 2.0545 1.4322 -22.779 5.466 9.6462 -46.205 14.754 7.3766 97.843 15.14775 8.9015 83.431 15.32025 2.7042 -23.125, -1
24.44825 2.2169 51.576 15.616 0.4326 -1.901 7.30275 9.0046 -92.653 14.00325 0.238 -85.645 13.13275 1.1612 87.885 18.47475 9.1908 68.752 18.56375 5.0693 49.66 13.13225 4.3599 -74.699 9.87825 2.2262 -85.429 15.32575 1.3297 -21.386 8.21475 9.6878 -96.381 3.421 6.0162 -81.58 0.37375 0.1986 -41.968 21.29375 1.0982 -14.798 3.616 7.1267 -91.939 2.56275 8.0769 -39.246 6.91025 7.5112 -59.285 5.631 8.0035 -9.853 3.27875 7.7728 10.068 16.20725 7.8659 1.721 17.00475 8.2923 17.875 1.303 5.6539 -27.044 22.79725 0.9943 -69.768, -1
24.6855 0.6798 -84.575 6.95575 2.0917 -0.417 5.16625 8.7928 -19.602 21.23875 3.6138 -35.512 22.587 9.9334 -30.801 19.01525 1.4132 -89.128 14.92575 5.7952 -48.046 2.1845 8.7999 -60.15 20.74325 2.3351 -64.581 9.434 2.4726 9.58 14.2835 7.8823 8.163 23.16175 3.4908 -16.221 1.75225 4.2831 -75.029 14.344 3.8179 -31.585 0.5685 2.4828 -96.106 23.1225 1.2624 10.771 20.67875 2.9226 94.075 11.542 9.6017 9.639 21.34275 5.531 -1.851 17.72 7.6788 46.198 18.07725 3.9658 53.89 10.60975 5.3807 9.568 21.97975 0.8786 -39.876, -1
12.6085 3.024 40.69 0.83475 3.7334 -11.697 19.88625 5.3374 29.413 20.4155 1.0141 -56.777 19.34975 7.3267 79.704 21.65225 7.0519 -1.846 16.82125 2.1527 75.872 18.57225 2.0107 -14.973 16.2945 6.1269 6.713 22.415 8.0554 -84.313 13.3055 4.443 -76.787 14.195 7.4516 -47.979 0.172 7.9641 98.731 13.086 6.4787 42.764 21.7375 6.4145 -77.997 14.1265 0.2027 24.506 14.0245 6.9642 55.591 3.47675 7.5741 7.459 5.27625 9.3038 37.6 21.2595 2.85 95.688 12.46025 6.3091 90.775 17.394 3.7566 50.393 23.35625 3.53 -47.282, -1
2.30625 8.5131 -18.421 24.22125 8.3989 65.397 11.2525 1.479 71.39 22.2135 5.5565 -31.11 0.3345 3.3932 -22.659 9.75225 2.897 -24.639 18.8125 8.2325 43.623 3.50475 4.3132 48.895 16.35675 6.0458 43.853 9.3005 3.4685 12.811 17.1635 1.1273 -80.101 4.71025 5.6272 -33.202 22.2235 5.3756 -69.162 24.665 9.4866 -27.281 11.116 8.0918 93.28 0.13175 0.8068 57.298 8.61925 9.0253 -9.59 7.66925 1.8779 -84.631 1.85025 6.9448 38.361 12.57425 4.9436 -45.552 7.47325 2.7302 27.823 17.70175 2.4085 -56.327 17.5755 1.0665 -4.309, -1
22.671 4.8741 -97.085 3.255 0.6723 -26.6 0.608 2.3706 -28.092 17.4985 4.1931 83.675 4.79625 3.8766 46.804 24.05525 2.8099 -29.735 21.43825 9.3845 -28.093 21.11175 1.9195 82.302 23.98975 8.4218 53.573 6.431 8.5088 18.131 0.0295 9.0518 -62.376 15.8925 6.4237 -59.921 11.8275 2.4132 -78.796 3.6395 0.5607 69.296 1.46625 0.2268 56.011 20.39775 7.7127 2.842 6.5145 7.4524 34.234 18.71425 2.6708 30.092 11.9485 2.7581 93.671 23.716 7.7472 -25.482 8.34175 1.2036 84.894 2.238 7.6142 31.717 2.0145 6.1949 41.72, -1
17.47825 0.0137 -10.634 16.492 8.9373 51.247 4.99625 1.2403 -67.3 17.326 1.3741 -28.185 8.351 9.7035 0.954 4.754 1.2637 35.484 8.97925 0.0999 22.301 24.815 1.3029 91.753 11.05 5.6235 66.392 12.47625 3.6261 -43.363 1.3785 3.8954 89.001 21.184 0.9872 -45.526 16.79275 0.3895 47.554 22.948 7.4266 -18.927 14.4905 3.1783 -31.27 22.09975 3.1306 27.068 12.67575 5.5636 -3.456 11.12775 4.0234 91.825 18.2385 8.6878 -29.077 0.21975 9.6648 -64.24 23.27375 5.5591 19.586 7.6665 9.126 -25.81 6.96 7.1001 -43.181, -1
13.274 1.3907 -77.993 13.60325 5.8653 58.198 8.628 4.2986 28.646 7.34025 2.4153 -89.775 19.181 2.1695 21.887 20.549 1.2557 -50.57 21.097 9.4089 -14.258 1.76725 5.9572 66.504 1.0725 1.2862 23.235 22.534 3.747 36.526 3.0965 7.9311 12.575 9.652 6.5845 -46.036 5.4545 9.3235 -77.743 14.5925 2.7197 -54.586 17.94125 2.062 -73.608 0.46425 3.2423 74.936 23.702 4.7739 -59.204 6.069 9.8845 -31.07 2.03425 3.759 -95.697 16.255 1.518 -97.667 18.07875 6.3537 -66.87 11.593 2.8776 37.662 12.91425 3.9861 -16.662, -1
2.6075 4.1896 80.208 3.4915 0.9113 76.709 14.695 9.2232 39.822 13.5825 2.2202 -65.63 12.794 2.3113 50.605 12.72175 2.9177 14.37 23.431 8.8168 71.762 11.1925 0.8854 -18.871 5.1985 8.3056 37.433 10.414 5.5351 45.274 10.89675 8.7299 27.768 9.2205 7.7311 96.341 19.03325 5.0482 73.596 15.14 2.1725 54.122 23.11525 9.0839 77.204 15.781 9.0547 92.392 24.50375 7.5151 -32.979 1.04675 9.9867 -58.148 3.4765 6.8035 -52.947 2.12325 5.3748 68.259 8.0545 2.0172 46.534 10.6505 4.9081 -88.235 20.8745 8.3654 76.51, -1
18.3845 1.9608 75.91 2.815 7.8749 -98.726 13.2225 4.7797 35.814 3.36625 4.573 26.342 18.19875 3.9122 -3.373 23.36875 7.6241 58.876 21.92125 5.8698 18.891 5.6925 4.2249 32.729 4.45925 6.3296 97.713 15.8425 4.3045 -8.493 4.40725 9.8502 -15.609 11.25 8.1021 -25.922 23.5175 2.2184 69.667 20.81 7.7297 -91.385 2.9515 8.0808 9.556 16.35725 6.9704 82.471 12.50025 8.4981 -5.19 7.6925 6.6574 52.444 12.39275 1.4199 -31.581 22.993 9.5949 -33.379 5.18475 3.0392 93.724 12.59225 1.0806 32.035 15.7195 3.459 -37.598, -1
3.885 7.144 57.215 16.5225 3.6863 -29.935 11.533 6.3926 -29.841 9.70975 6.5062 9.099 6.30025 5.6421 30.449 24.91175 6.187 -95.33 10.602 3.2098 -22.348 16.3525 2.5402 89.843 3.427 5.2001 64.112 0.5505 8.5972 64.193 17.11275 9.7926 8.82 2.6575 3.3996 92.205 4.128 4.4779 -40.08 17.50425 2.4105 53.379 10.51825 0.5756 -65.671 20.6935 7.0361 57.512 10.7815 1.0008 96.947 4.698 4.0058 22.645 11.25725 9.5498 80.556 2.035 7.9448 -53.06 1.75525 9.6615 56.696 23.6385 0.8981 62.128 1.509 0.3669 -3.275, -1
22.49375 0.8017 -23.709 22.33625 0.0412 40.809 15.6745 1.8658 37.178 7.23575 0.1719 31.3 4.99375 5.0048 86.686 13.01125 7.5321 -92.842 0.5245 6.915 -15.219 10.839 7.1371 -5.967 24.99325 6.9797 93.787 14.05025 4.1952 -91.433 16.62175 5.7995 -43.285 4.5255 5.1299 56.173 20.52925 4.2176 -65.03 7.36225 9.4747 -23.742 6.86625 9.3119 -95.334 12.601 5.0181 57.748 17.83425 7.2761 -28.659 15.1815 2.4029 -32.428 19.699 3.4623 16.609 8.2655 6.9862 72.418 8.45475 4.2098 10.27 9.644 8.9739 5.197 18.04025 0.7335 -63.535, -1
13.1675 8.5701 -34.52 4.25275 8.3029 44.37 24.414 8.2097 -22.897 2.969 1.0492 -29.596 4.64075 5.2798 17.426 1.43775 7.4148 -32.457 24.824 2.0203 27.598 15.79475 9.4036 -44.332 7.958 2.1631 45.414 1.77875 2.0419 58.601 4.35025 4.9023 -60.96 14.404 3.3089 -39.27 6.349 5.2081 -68.931 16.8815 0.1386 75.843 17.0885 1.585 -80.075 6.562 4.691 -21.305 5.063 5.4128 -97.066 6.47 8.8456 60.302 6.85025 8.1476 1.583 21.7995 5.8032 82.005 24.19475 6.1518 14.722 3.37925 4.9074 -18.503 0.88025 6.1298 -13.118, -1
3.51375 4.1869 92.967 17.54625 4.1695 15.713 14.25525 5.0568 -99.201 7.379 6.9741 29.053 20.6915 2.4653 -2.965 1.38325 3.7626 -98.133 11.007 0.5976 41.032 6.91725 5.1525 -70.341 7.81375 1.3318 -26.135 10.23325 0.3573 -3.4 14.28875 1.4684 -41.961 8.0105 1.7033 1.898 11.4955 6.4048 -42.063 0.7645 8.4968 72.252 12.524 6.0792 83.259 17.78025 8.0605 -51.069 24.706 1.4492 -4.816 24.94125 4.8818 -46.241 24.7055 5.7896 61.612 14.32025 6.7196 -88.63 8.489 1.1656 -36.646 15.60925 6.1519 -44.938 3.44675 1.6975 20.433, -1
11.55625 3.0824 6.667 9.70375 2.0418 -46.411 12.34525 0.8241 -42.072 18.67375 9.9406 55.56 11.337 0.9297 39.841 1.937 4.5791 62.846 1.65025 4.3754 57.164 12.613 2.5432 -78.723 5.48675 8.3388 -53.811 3.51775 8.5578 -66.375 1.91775 1.6219 -46.569 9.0085 1.4215 62.361 20.15875 1.4492 58.497 19.21 2.0926 -83.369 24.55225 1.4948 -20.086 19.408 6.7646 -89.893 15.3525 2.8455 57.748 23.77125 5.0875 -58.283 3.61325 3.7878 -75.944 7.16125 2.7002 49.34 22.97375 6.4089 12.227 7.55975 3.6227 -72.804 7.46725 9.8708 -6.573, -1
9.626 1.8114 -57.646 19.83975 2.3448 16.791 13.76425 3.6871 -87.007 16.7815 2.6049 -48.626 20.51225 1.6169 -58.761 5.32125 0.4724 38.481 17.08225 7.4284 -74.766 9.15425 1.5623 -84.874 17.56075 9.5294 53.784 17.5465 8.6842 -3.602 19.88225 4.1293 74.191 0.534 6.3546 61.954 8.7575 9.5122 65.53 17.099 5.2709 86.654 6.17375 3.2143 18.467 15.601 8.4198 -73.972 13.75225 0.4895 -78.138 14.65925 6.0899 -59.633 12.61825 1.0406 -34.436 14.306 2.7129 -51.69 24.012 0.6553 34.026 2.98825 3.3819 -70.23 16.59 5.9629 34.78, -1
21.66925 7.4614 -60.418 14.98025 7.9551 -57.802 17.39575 8.7515 68.587 12.707 0.2007 53.819 21.49625 1.9448 -8.559 19.851 3.4257 14.883 1.2385 9.0669 -12.416 20.89225 2.1187 62.061 20.79425 6.5988 -70.209 19.70925 9.1679 -15.877 19.92625 4.067 -57.716 3.017 6.6024 82.423 4.66625 7.6224 -98.605 5.23725 9.9217 7.312 0.02125 8.5201 -59.688 3.2775 7.493 -94.735 8.2995 3.9657 -26.462 7.444 4.7051 24.848 2.50225 4.0359 -82.824 17.43025 8.1285 -62.421 21.85475 8.978 -58.209 3.97625 2.5026 28.686 5.133 2.718 82.429, -1
22.59075 4.3889 -6.969 19.5615 9.8488 83.925 24.04025 2.8114 -44.434 7.25175 9.5342 70.803 10.5655 1.7669 -5.167 19.83525 1.8088 1.23 21.9915 4.7673 2.745 4.141 5.9099 -59.397 4.586 0.5775 9.909 17.00075 2.7795 -63.166 10.902 5.6528 79.642 3.40875 4.3643 -66.418 7.42075 3.0193 -84.849 3.27725 7.7738 -44.421 21.126 9.5427 72.806 20.53375 6.9206 65.55 7.18675 1.3008 -38.21 22.63 2.5676 -87.118 3.70625 1.4273 92.137 16.233 9.7921 -87.295 11.5565 5.3 -37.38 10.71625 8.9724 35.043 6.609 3.9458 -16.15, -1
0.61425 5.1611 46.284 24.54075 2.3638 -50.54 15.285 3.5857 84.886 6.83075 5.8383 40.713 1.7835 4.1063 -3.598 22.0525 2.3971 93.491 7.4505 2.0397 -94.592 5.99125 6.0144 -72.407 15.556 1.9877 -84.375 16.263 5.3726 50.314 23.83925 7.369 41.137 4.1835 7.9997 -92.16 12.28825 6.5475 -49.525 7.433 4.8977 -14.681 18.21375 0.3948 -14.199 11.49725 7.9149 -86.368 14.4465 6.0016 77.281 3.7635 1.2947 27.964 18.8195 0.9624 -87.766 14.169 7.0714 91.855 4.7625 5.8664 -51.99 2.69475 4.8231 -95.632 23.959 1.3995 -39.015, -1
24.9205 2.838 -67.609 7.03625 7.0743 -97.964 22.09325 7.6466 51.257 19.6325 3.4253 -9.334 2.8495 6.7042 -64.049 2.32825 5.6468 48.947 3.76775 8.2796 76.69 0.57 7.1796 -26.778 13.69775 2.1144 20.077 23.59725 1.9575 -55.392 13.7535 7.2955 7.492 11.81725 6.6159 4.993 6.3405 6.6218 -20.935 15.81525 5.9402 34.784 20.5995 7.6433 33.934 4.692 3.6537 80.484 4.572 2.2471 47.025 11.10275 8.2846 -17.213 24.6465 6.5953 92.759 12.0305 0.2925 -91.107 2.64525 9.3546 -39.464 24.34075 0.9206 -48.572 10.91825 2.1022 -22.418, -1
13.5485 8.6733 63.209 15.838 3.3456 39.646 0.00525 3.8967 -2.46 1.3705 1.358 -72.72 24.93275 4.9324 94.975 9.8515 8.3618 -70.912 17.4645 0.846 -87.718 10.90975 5.3005 0.055 6.66525 5.136 73.392 15.34675 7.5552 -10.46 23.19175 6.6399 -25.165 15.172 9.6761 70.393 7.85225 1.1981 -88.629 19.3545 2.3051 -89.232 0.93575 9.4963 16.148 4.12175 9.3534 83.817 8.3745 8.7078 -46.159 5.0465 9.4771 -22.494 5.95325 3.5346 -91.249 9.24075 7.2939 86.412 5.64175 6.0262 45.11 12.24125 9.1712 19.569 13.90525 4.886 -75.744, -1
7.69775 2.6326 -86.849 1.02125 0.9725 -23.645 13.0495 2.792 95.955 11.464 3.3841 -19.187 11.68125 1.8045 6.618 24.0175 2.6869 -86.881 2.30975 8.5533 -51.024 11.2495 5.7458 -13.549 0.03525 9.1866 92.266 21.51125 5.1319 -63.148 0.10325 8.7979 -49.921 0.31175 6.9741 -84.686 20.66475 9.1372 37.876 8.85375 1.5173 97.959 4.96325 5.0042 48.578 22.1005 9.9329 -22.194 15.34 6.9295 2.715 9.01525 5.5286 78.062 19.93675 7.1245 -5.982 4.79325 7.6412 89.28 22.043 3.5081 17.269 14.696 2.539 40.474 17.985 9.3313 73.346, -1
12.65475 1.9874 40.361 18.6405 0.4287 -31.363 0.117 3.1431 45.297 24.487 7.8331 98.723 24.50325 8.8611 -82.862 0.91075 5.5296 -43.835 3.867 5.1515 -57.708 10.4485 0.7117 -74.042 20.5835 6.2092 -71.121 15.953 9.9183 97.252 2.059 7.0756 -42.864 2.64225 7.0397 -24.283 4.47775 9.1262 -35.565 17.39575 1.97 -25.233 21.95175 5.51 67.903 14.89625 3.3707 -47.58 4.67 9.7478 20.883 11.816 2.347 -9.773 22.912 3.5981 71.71 0.9925 6.9947 90.955 6.15325 2.8903 -86.36 20.329 1.165 30.75 0.2085 7.5567 23.767, -1
16.49475 8.2612 -82.366 1.41525 6.6935 -76.57 3.7385 2.2161 -88.282 24.309 0.186 -91.995 18.35925 8.7585 73.738 9.9775 0.4572 44.527 23.481 9.039 71.673 14.0565 2.3163 53.073 17.8975 8.7939 68.156 11.28725 8.4115 -58.892 5.7775 7.3009 83.809 12.0625 9.8809 25.306 19.84425 8.7913 94.745 8.56025 9.4797 -4.012 5.683 0.8326 73.652 17.40375 1.1978 -73.019 5.2375 4.647 50.732 24.3625 8.9682 61.528 3.62575 6.423 97.276 15.2675 6.2622 3.814 22.44175 6.561 -14.943 19.119 9.5134 -64.551 3.1325 1.6228 75.225, -1
0.05125 2.1141 15.294 0.7135 5.7794 -37.074 10.45 2.1785 63.579 4.031 3.6804 -80.949 15.43625 0.1913 -48.915 20.08125 6.7388 -18.352 23.01225 3.9969 95.144 5.32975 8.5143 17.036 11.22775 4.3427 3.319 12.796 2.0124 89.602 20.731 1.2844 -19.379 15.25125 2.8467 -50.164 1.85975 7.7499 -79.321 14.92925 9.557 31.83 9.999 8.686 -82.661 1.10025 9.2114 9.274 1.1075 8.4731 -69.617 21.783 5.9898 2.877 19.634 7.4064 -26.488 22.3605 2.2222 -71.406 23.84675 2.4162 12.815 21.71325 9.0408 55.247 5.31325 1.4207 6.052, -1
9.4015 6.1321 14.289 12.51175 5.899 36.29 0.965 2.8392 -19.686 9.084 3.3138 -20.103 9.2585 1.4433 62.981 21.36675 7.3176 69.267 19.50775 9.7886 -78.232 9.34825 7.7872 87.49 14.64775 9.8348 56.482 0.02475 7.109 73.306 0.8795 6.2384 -39.941 20.23975 5.7069 -29.453 12.37025 9.6398 -82.094 21.46725 1.3559 24.76 4.99075 7.1259 36.919 6.29475 2.1278 62.258 18.35175 6.1517 -13.716 17.529 6.4081 -90.096 0.654 5.8009 -80.701 17.44925 9.6944 36.365 4.337 3.7292 -23.942 7.48575 7.3436 -12.273 21.7825 4.7909 75.02, -1
24.51 6.3016 -23.335 16.36275 3.8414 -76.011 11.1455 5.0171 -25.038 22.4055 9.2219 -19.566 1.277 6.2922 -20.218 8.80825 5.7553 -92.486 1.00675 5.1346 97.956 17.61425 8.1953 -79.193 14.3775 0.0845 -5.152 23.0935 8.668 -86.756 0.91825 5.1698 71.597 23.189 6.9431 18.011 17.19775 1.5144 37.02 0.509 4.4312 79.863 10.24075 0.5866 34.242 5.37725 2.4924 -33.64 22.11725 4.4223 20.772 12.04425 0.5693 45.192 24.323 6.2837 -10.336 3.9225 9.708 70.307 11.12675 0.6362 -64.411 8.2865 4.105 95.017 0.91875 5.2435 68.702, -1
3.33375 6.3613 35.057 17.957 1.1908 53.409 6.815 4.7911 -82.704 19.672 9.0448 23.646 3.0555 4.9873 96.899 17.12975 4.1279 17.868 15.18975 9.6372 -47.757 6.7745 1.3953 67.191 12.5685 3.0932 -10.366 20.816 9.7606 -91.638 17.46925 4.7558 -41.27 18.0265 5.1634 -20.832 23.83925 0.54 -47.985 23.75475 7.1281 -41.177 15.10775 5.4693 50.535 21.75675 2.4898 20.109 3.86425 0.0247 -32.878 22.312 6.4398 86.78 6.65 7.2456 26.875 4.64 4.3739 -13.269 0.2155 2.1835 -75.053 17.71575 5.134 -28.127 14.01225 6.8528 -76.297, -1
9.13875 0.846 -21.577 5.07275 0.597 33.381 15.37575 3.8973 52.117 21.1375 9.6832 46.875 8.4405 2.4788 -1.081 23.065 4.2161 -8.442 11.716 5.7293 -30.402 23.5755 0.3023 -39.198 2.13325 7.2202 -36.553 18.7335 5.7538 -4.952 19.4375 5.218 -62.305 15.40425 9.4536 63.83 8.63575 5.9824 19.286 9.29575 1.0357 47.069 19.15375 8.1838 3.394 11.21725 2.3405 42.073 8.3595 9.4161 -5.274 7.235 3.6557 -87.401 1.172 7.0939 77.593 12.636 8.6266 -17.684 22.078 3.4639 38.438 8.90325 7.9846 -20.332 24.4995 0.9468 -26.353, -1
3.71675 1.433 -18.453 3.5995 2.5055 -65.904 13.7385 4.1332 -90.025 8.06475 0.5601 23.839 20.44875 8.5069 -95.315 24.05475 8.4189 50.335 22.899 9.6561 -89.632 22.2695 0.5976 6.047 23.8495 1.0448 42.296 3.91775 1.8732 -65.597 3.17275 7.7653 63.276 5.20125 0.6056 1.556 15.86825 3.5727 10.71 10.804 4.3801 85.277 16.2575 5.6192 29.291 2.5695 3.2403 58.676 4.856 1.7212 10.938 15.905 3.3214 91.433 8.8425 4.0519 61.017 6.88675 4.4038 -73.498 19.35425 6.7692 83.134 2.03 6.6932 -85.771 2.93225 9.5917 30.242, -1
15.13575 4.3364 95.214 9.69375 3.9323 -15.745 2.81925 2.9151 99.601 9.9065 5.7983 -98.789 7.62625 5.6501 -15.113 13.38575 9.815 -10.871 18.557 1.6825 73.414 9.65125 2.9296 -98.468 5.19875 1.8346 4.396 19.9405 6.1763 -9.381 5.21925 2.066 96.603 12.57125 1.8777 -40.807 16.6215 9.3612 30.095 17.465 5.2476 77.283 7.33975 7.6642 -43.222 13.49175 6.6424 -90.89 3.52 6.6693 23.556 5.39375 7.78 -42.971 5.33525 7.2798 4.448 16.8055 9.9453 -96.137 11.87075 6.1801 84.874 11.1545 0.9872 80.359 7.8255 5.2777 -6.132, -1
14.11475 2.9623 15.57 3.873 0.5147 -57.213 12.745 6.847 -84.342 21.30875 3.3803 -98.333 8.3955 1.5767 35.557 14.40025 6.2673 4.833 15.9865 9.9306 20.659 8.02325 7.7047 -95.947 20.35225 5.9801 27.878 24.2365 6.8434 5.557 3.00425 9.302 -89.935 11.92475 4.2453 98.441 15.55025 1.5848 76.677 17.00375 0.9878 77.758 7.55775 0.7048 -29.827 5.11625 4.3233 94.614 7.6715 5.7177 6.643 3.468 3.0229 4.502 22.75925 1.2777 75.418 12.966 8.406 -76.322 17.26475 8.9352 -80.991 18.79225 3.69 -39.738 23.843 8.5622 -71.129, -1
24.78025 3.6759 14.632 21.685 8.2126 -29.574 10.16325 7.8369 -99.144 9.892 6.8372 4.514 17.1665 7.8653 -74.594 17.242 7.1991 -92.547 20.169 1.6871 28.968 12.55175 3.526 47.608 22.74925 7.8846 -51.386 2.2215 9.3295 35.992 9.60425 9.5303 -53.651 0.58375 8.0646 5.041 5.92225 7.2547 36.654 21.80725 9.4536 -56.651 23.9685 3.4972 36.214 4.87575 3.2681 99.82 1.67825 5.3797 96.44 24.96675 3.8158 54.557 16.37925 0.4751 1.994 6.8675 7.4339 17.313 22.4155 3.2707 1.86 21.54725 7.7521 -88.877 7.42 7.8975 42.201, -1
24.8075 4.8281 14.294 19.42775 3.5737 -12.422 13.981 9.8603 72.625 5.55725 4.3131 36.275 11.851 6.1049 -15.634 15.8595 6.1566 35.189 20.0355 5.6839 -64.46 1.594 7.4823 -20.545 12.86475 4.8441 -1.208 7.71975 3.9331 -72.502 18.17425 5.2688 -63.817 9.494 2.2846 -6.916 21.08975 9.0698 -40.73 17.90975 4.1577 20.524 4.80475 5.2782 80.515 22.81275 5.8595 -24.014 20.3995 3.8079 -46.026 12.72425 5.5568 -70.744 6.09075 4.7139 33.921 3.56925 6.5036 -16.585 20.184 2.6048 -71.844 11.063 1.2431 -86.093 6.247 8.5685 51.586, -1
8.5285 6.8787 86.995 7.7335 6.8654 66.315 9.67875 3.7167 40.313 24.3225 1.2162 -22.941 24.87275 1.3652 9.691 9.4125 4.8387 -4.672 19.629 4.468 -98.99 13.786 5.7908 -70.617 13.839 0.7464 32.962 19.68725 0.741 61.568 15.51725 1.9744 -84.798 18.91475 8.5913 -38.797 3.31175 3.4891 59.551 2.098 2.473 -3.25 1.33875 0.7617 94.526 19.347 6.6737 -45.262 0.57175 3.3782 43.438 10.0935 5.7558 -35.265 20.218 8.4455 50.434 12.129 9.0901 -19.877 1.866 5.6493 61.177 3.785 1.2784 37.441 21.2055 3.5415 46.512, -1
0.10625 5.61 -84.48 8.61225 2.4008 74.266 22.06675 5.5332 -17.015 23.60325 4.1275 67.914 14.05775 3.539 -86.491 2.448 9.2206 -4.295 12.24075 8.6663 -17.092 19.16375 0.0047 -70.38 11.822 7.3603 67.893 8.98925 8.938 55.628 2.15275 6.6355 -60.842 4.26425 5.3332 28.302 9.262 1.1835 -36.926 22.74075 0.353 -90.13 22.29825 3.2891 23.193 20.72475 6.4322 -26.705 5.3245 7.2581 41.566 16.3225 7.096 -9.932 17.65175 2.4064 62.355 1.3945 5.4826 74.537 10.31825 6.1151 69.625 18.9945 9.7451 95.602 17.32475 6.703 -41.473, -1
13.20975 9.3312 -74.275 2.5565 9.069 40.648 1.23325 0.29 33.139 18.41625 0.5723 95.82 23.4785 4.8679 -99.042 19.755 0.9135 79.867 11.8065 7.0701 -60.092 4.2015 5.0353 -39.208 6.4655 1.4374 -8.579 8.97875 6.9955 21.045 6.23275 3.0269 44.564 1.56 0.836 85.297 9.911 0.7875 -23.788 11.5295 9.0214 -10.175 1.19625 0.283 58.195 7.394 3.8853 -6.831 8.05075 1.6831 -2.617 7.31525 2.2679 -59.357 22.14625 2.7044 -37.02 18.41975 1.4056 -2.765 14.57175 7.1218 -73.34 23.8565 4.6467 -87.984 6.8475 6.3234 -9.553, -1
21.0025 4.4923 91.924 14.7985 3.9257 -81.437 4.93725 4.6061 10.044 8.63275 5.5334 -41.881 17.8445 7.6196 54.191 11.43 7.391 -10.016 10.62125 6.2394 38.477 19.91375 0.8067 20.121 3.14375 4.8222 -72.367 11.654 7.2322 -72.244 24.3105 7.1788 11.352 12.62125 7.244 -27.516 9.5865 3.8326 19.905 13.838 6.0749 74.12 2.86725 6.5619 -95.235 16.415 8.9893 47.627 5.6815 9.6703 75.643 12.97675 5.175 -86.296 1.39225 5.0565 -64.169 16.7615 9.5202 -28.925 23.752 9.1507 76.115 10.0395 6.0726 -75.538 16.237 2.3092 89.093, -1
17.18625 5.7253 -21.097 23.154 0.8802 82.818 21.3995 0.8207 67.832 16.69325 7.1759 66.604 8.8355 9.6582 14.622 14.8685 2.26 -90.218 1.12525 6.6773 -92.764 24.76175 8.2277 -76.693 12.26875 9.7804 46.524 24.2095 5.4884 -94.252 12.5975 6.8545 86.919 16.75275 2.8125 -51.97 9.54225 8.5164 -27.831 11.68 0.6122 -19.442 5.752 7.7695 54.004 13.2815 4.8305 -19.621 18.34675 0.6578 61.431 8.0285 3.1215 56.064 14.74675 9.2818 -52.263 16.8305 6.6088 -36.905 16.99425 3.6246 78.293 16.6315 1.9629 51.418 2.7185 7.9314 91.91, -1
0.87225 7.0042 39.075 20.31425 2.9902 -5.356 22.32125 5.961 -72.846 24.04475 4.0214 36.285 17.3095 1.3475 -36.795 3.872 1.9612 60.797 20.6975 3.0922 99.506 7.86375 7.4624 -39.181 11.73025 6.492 90.368 17.67125 1.8846 25.42 9.98825 3.1916 -4.418 3.55575 9.2871 63.716 12.128 7.3119 -26.174 0.11425 3.204 -43.819 6.028 0.7203 87.217 0.26 9.1187 12.388 23.018 3.6212 -81.225 7.69975 9.6721 99.038 16.08825 1.3463 -28.742 16.62275 2.0201 -93.578 5.75575 3.7416 76.43 9.811 6.1283 -87.608 9.41375 2.9735 19.013, -1
3.401 9.0728 -29.633 5.6685 5.4396 -93.108 6.90225 0.9914 80.86 14.98775 1.9952 16.85 11.422 2.0644 -28.665 21.2805 2.9391 -40.931 19.21625 1.9107 67.029 22.94525 4.8613 14.395 15.317 2.0671 47.765 5.436 8.0447 25.888 7.886 0.4443 -72.215 8.15675 4.6038 -51.148 18.5905 0.5668 -76.859 6.01875 1.1397 81.323 1.04525 5.9289 -37.338 20.108 0.6443 -74.5 11.54875 2.33 -49.55 11.29675 2.3083 79.845 23.136 2.6103 1.88 11.9005 8.6522 94.117 13.4915 8.3181 -11.531 24.509 9.9049 16.909 21.335 1.8534 10.585, -1
14.459 5.1649 57.226 0.49275 7.1657 20.34 0.59975 5.122 7.676 12.744 2.1287 -16.018 24.784 1.6622 -77.359 22.1705 3.0528 -53.854 17.3715 9.4425 -12.759 12.3325 9.6501 10.596 3.532 3.9044 95.403 9.603 0.2828 -2.426 14.86675 6.4569 53.149 16.261 1.3265 -86.325 3.10225 5.8273 92.461 12.19075 9.9541 -87.34 2.8025 4.4679 -64.917 7.04675 0.2119 56.799 20.93575 5.2714 -42.465 8.9865 0.0479 -71.058 24.35675 6.7714 -97.591 11.34025 0.6051 20.469 19.3925 5.7672 -52.518 24.1725 8.8683 56.104 14.08375 7.2766 94.094, -1
4.15025 9.582 9.173 19.08075 5.286 -15.213 4.481 2.2449 65.583 5.114 8.7218 -28.172 8.6935 0.4591 -55.67 17.70475 0.6981 -5.037 21.803 5.1465 -82.436 3.784 9.4232 2.95 0.716 4.9235 33.34 18.2905 6.7296 -38.085 9.09475 4.1795 -6.555 16.26575 1.4146 -42.73 9.9005 0.8114 82.87 8.11875 9.0825 -48.159 24.20275 1.2647 27.42 1.382 3.0545 -93.461 16.5795 6.7904 -86.281 4.76075 2.6939 -24.365 23.34 4.0667 99.538 18.288 8.9751 54.796 12.16825 0.9761 59.895 20.9655 7.4417 69.767 24.1945 4.6452 21.34, -1
19.24475 4.6583 -53.218 2.607 4.9059 -20.937 6.911 2.8179 97.101 12.713 9.1007 83.806 16.9875 8.6281 -50.528 12.38625 1.1744 -61.092 4.667 2.1195 15.719 8.4385 0.5983 -8.942 24.01375 8.8514 74.616 1.461 8.9531 3.889 14.9585 5.9507 -20.533 22.6375 3.581 -38.172 11.5415 7.3451 51.199 7.868 3.2143 -63.164 11.404 9.2153 28.661 7.61425 5.6531 -40.142 11.307 7.5915 -53.952 12.59 9.7 -28.915 1.359 8.1659 68.833 6.73925 6.3028 97.751 19.044 1.8671 18.934 21.2985 8.7235 -89.725 6.50225 6.6403 -94.046, -1
11.19225 0.3035 68.189 7.912 3.6005 59.14 14.51425 2.8026 -31.336 11.2505 2.1173 -61.853 22.2215 5.3135 9.612 18.209 4.9645 81.688 6.3095 0.2563 97.682 23.5575 4.2939 -2.587 16.88875 1.7322 72.343 23.55475 6.717 51.121 16.11625 6.6035 49.216 9.2095 5.5674 44.699 17.59725 2.3994 -76.787 11.42675 1.1102 -11.379 20.6455 1.6435 -66.571 3.41175 9.3673 35.726 13.798 8.3093 39.742 7.07125 1.9474 -86.25 13.3185 3.2756 -48.833 14.83075 3.8992 -27.902 23.46025 3.4232 93.103 16.42225 9.1115 45.93 2.937 6.2093 95.163, -1
13.44175 7.1026 -46.827 9.22675 0.5897 -66.227 5.4895 9.3122 82.441 21.4645 1.5433 28.817 5.01925 3.7353 -96.685 24.852 5.5991 90.919 9.27175 3.4464 -82.826 2.9875 6.303 12.866 24.02825 9.7821 -92.845 11.08025 9.8496 -77.709 1.4675 4.8068 65.876 20.42725 5.2462 62.566 6.37425 0.8326 53.079 18.8525 7.1506 -29.649 0.009 6.8868 -65.387 22.98625 9.1519 -51.112 15.90525 2.3361 35.478 17.27825 8.8232 -88.512 0.90575 9.977 27.915 13.15675 5.4789 -22.161 8.53975 8.0227 53.771 20.9095 4.9722 50.391 23.756 7.1432 83.373, -1
22.82375 7.1461 79.949 3.289 3.8004 -31.116 1.614 2.837 91.848 17.21425 2.0878 -81.401 17.01175 1.5502 44.071 0.3435 3.3974 36.188 9.94475 5.442 -17.146 12.708 1.0442 -75.105 6.88075 5.6194 -48.879 9.41525 8.7965 37.486 7.9325 2.1959 83.953 1.26425 8.8724 -47.091 23.85525 2.2429 -88.89 9.56275 0.3956 88.15 8.4625 3.9443 12.479 22.71025 1.9092 92.179 6.02425 0.8852 -94.647 24.422 6.8845 -51.967 14.629 7.2715 -58.104 17.91075 1.3415 95.694 22.77475 5.7858 -60.897 1.48325 8.4212 -76.475 11.34425 1.364 -30.928, -1
18.046 2.3668 3.332 4.872 5.9615 18.083 14.76825 0.5754 96.147 24.11175 8.9005 -7.947 5.4195 1.4043 58.332 17.8305 8.4561 -40.679 9.17625 6.3217 -77.035 23.59475 0.5644 41.194 22.884 1.9639 46.566 2.495 1.9473 22.865 8.036 3.2088 -70.526 2.61975 1.1399 -48.829 15.34725 2.1765 -48.726 2.6895 5.947 -1.972 20.5615 0.6562 16.431 22.95875 1.8802 4.258 13.2405 3.1312 -71.298 3.852 1.4366 23.331 20.94425 8.6906 -91.474 5.3845 3.1179 -44.034 21.64475 8.5386 61.328 4.4255 2.446 -38.372 14.4875 5.8713 92.547, -1
11.4815 2.9621 -16.819 11.07125 8.5087 15.598 9.395 2.9723 60.181 12.57525 6.874 64.407 6.9695 7.9723 -7.279 11.65 8.1915 -29.257 16.16725 1.2178 -38.194 7.71925 3.5115 -56.23 22.956 8.4159 -58.651 8.5 5.7011 -19.315 20.30075 8.6758 94.711 19.48 0.8907 92.454 13.33725 4.7015 2.025 8.54525 7.1008 -30.446 16.109 8.7926 -70.61 0.04075 6.1732 -27.452 10.9515 8.401 97.903 15.43075 8.9655 7.677 13.589 9.197 92.565 22.03525 7.6191 34.304 20.4225 4.0941 67.786 6.8045 7.4981 88.716 17.4 1.2464 -50.877, -1
11.7575 0.6908 -65.357 8.96425 3.9949 67.602 5.51675 4.1013 94.608 9.995 9.9988 -53.114 1.3215 2.2534 12.428 3.167 4.2458 -21.107 1.20325 9.4492 -23.704 13.07075 8.7315 61.062 12.13325 9.0432 14.546 17.774 5.0463 48.544 23.771 0.9698 -46.583 11.809 6.2208 1.546 11.23375 7.3719 -88.245 17.771 2.4763 -53.141 14.887 0.5868 -63.362 21.612 3.56 77.406 10.0655 3.6069 5.102 15.1205 5.5029 -75.876 12.55875 7.7643 -72.517 15.55525 7.5735 -7.251 7.30425 9.9686 -34.429 8.9615 0.6081 11.358 16.7785 5.9061 -83.698, -1
1.77675 4.7247 -13.672 24.298 2.4024 43.006 1.83475 7.9293 8.405 4.939 0.2644 25.31 18.32375 8.6124 5.073 11.34325 3.7373 -65.129 16.8405 3.3267 8.689 4.09275 2.8118 27.56 6.814 4.0526 -98.961 20.969 3.3627 -7.015 6.8735 7.7365 47.003 12.70025 6.9814 77.405 7.20375 0.4664 -50.446 17.37525 3.1331 -95.307 3.1165 7.3441 -45.625 6.85775 9.303 -96.238 13.05775 2.9381 52.78 3.44375 7.6514 -66.481 21.717 8.9152 43.709 11.10275 3.3564 27.726 5.22325 8.8029 -33.805 18.978 6.9948 -78.577 12.832 8.0481 80.258, -1
22.6595 6.7666 20.503 24.50825 7.3116 -45.575 20.221 5.2201 72.907 23.761 6.3817 21.99 2.35225 5.6173 15.827 24.75775 1.1201 -23.37 15.573 1.2979 -74.386 24.5615 8.5322 -38.058 21.23375 3.4727 -55.19 5.4965 3.1499 53.119 23.2285 6.0265 -94.836 9.562 6.4856 28.653 13.787 5.2385 -72.774 12.1945 9.2363 -6.089 8.41975 6.0267 -39.71 0.43375 0.7023 -95.476 16.06075 1.5523 75.754 21.11275 3.2934 88.483 15.17 5.4024 -95.344 3.94975 1.4897 93.476 1.0865 9.752 61.472 8.274 8.6957 90.689 16.69175 0.0691 -34.27, -1
24.40925 9.3428 66.858 15.459 8.6738 -2.785 2.53425 7.3289 -35.904 14.912 6.459 -6.213 20.036 7.1618 50.327 2.1935 5.0835 -92.973 1.26625 6.9653 78.722 6.84925 9.4732 41.577 24.25925 7.9493 94.397 3.50275 7.6398 99.655 18.5645 6.9684 -3.519 12.6435 4.5957 91.295 16.6015 5.4748 -77.305 17.40225 9.9502 -42.582 10.64325 8.362 -96.683 0.59075 1.0687 -61.985 4.6915 6.1397 -1.664 2.0125 5.3713 -6.33 3.0705 1.4322 -43.986 8.256 1.8112 -95.077 24.9655 1.0719 -10.431 21.62 8.0021 70.283 17.51725 5.5138 -75.028, -1
22.666 8.7446 -48.827 14.1965 3.3009 -51.312 19.707 6.7019 -32.974 6.1305 6.1571 94.046 0.29225 8.0295 -13.569 2.15125 2.1958 22.978 10.12175 3.2884 -93.443 14.54875 5.8078 73.376 14.4855 2.1822 82.654 15.822 0.5483 52.725 21.01175 4.7083 1.081 16.383 5.6756 73.326 11.98275 6.8499 43.06 11.45825 6.2792 87.308 5.056 1.0591 -14.538 19.838 3.5458 -23.886 21.527 7.692 -34.751 15.8855 8.6628 -84.83 9.0765 4.0865 96.254 18.691 2.0658 58.89 1.47525 5.4878 -22.55 1.10625 2.7346 33.146 1.383 5.4436 -72.162, -1
13.43125 6.0134 63.167 18.4485 4.7047 -4.757 0.558 4.177 71.604 9.093 9.9172 72.124 3.05975 1.38 86.242 15.934 3.8419 -59.482 7.00175 5.4778 62.35 21.319 6.0583 -93.242 15.771 7.9909 4.016 5.084 7.2947 82.455 8.04275 1.2626 85.573 22.83925 2.2152 76.389 11.52725 2.5873 -47.228 2.06875 0.861 91.429 7.39925 7.7706 26.345 21.743 5.6016 17.494 7.05975 4.6916 -47.611 8.88325 7.5365 96.495 5.384 4.7116 31.471 19.29475 7.995 9.868 21.819 1.3395 -28.896 12.707 7.7886 90.3 9.377 2.0815 -31.101, -1
18.15375 1.4456 76.661 7.578 8.1313 -34.658 10.26925 3.2342 -5.389 4.44025 6.487 -9.02 7.6465 3.5907 11.301 19.69525 4.7681 -78.216 9.72175 3.1051 3.021 10.3175 5.1093 7.179 0.3015 8.51 65.692 23.147 5.9633 8.623 21.4735 3.3232 -62.254 11.024 3.1671 72.132 1.987 1.8559 71.894 4.36275 1.7496 -12.893 15.89475 2.333 -78.353 0.406 8.4343 -56.16 5.9105 7.3994 18.498 11.64825 8.0176 36.367 4.29675 4.5344 29.355 11.73825 5.3042 45.585 12.2535 1.9209 9.999 5.537 0.8797 29.312 2.4315 4.4924 41.797, -1
12.55675 4.6616 98.187 21.11325 7.2838 0.25 10.78825 6.3411 72.436 22.39025 6.1313 57.0 5.51175 5.4711 -5.382 16.641 5.1906 47.696 20.436 6.6147 -98.026 21.84025 7.4481 -76.094 13.907 5.4537 -95.501 24.3475 6.5749 -13.636 24.291 1.1408 72.925 15.07325 5.1349 4.002 2.97425 5.8379 -95.088 21.1315 7.9161 -84.631 21.2775 1.5221 -47.128 14.5435 4.1916 -51.959 20.01325 3.2499 67.973 6.60675 1.4911 -77.409 10.2575 5.583 -17.858 7.23175 5.2543 53.703 14.71225 0.7176 94.551 17.6095 8.6308 -97.492 21.083 9.2863 41.876, -1
15.224 1.29 -8.411 4.429 9.5457 74.6 6.56125 7.8137 66.994 0.35575 2.2851 -37.673 20.0535 9.4369 -13.555 5.96675 2.0654 63.219 7.585 2.8075 10.589 0.105 9.3429 37.684 11.697 2.4905 21.855 6.578 3.4161 -98.952 2.48275 2.3606 44.226 4.28025 0.3552 -88.248 4.22225 2.925 -44.985 4.04475 4.9696 19.549 14.34175 5.4794 -23.99 3.5775 0.6629 96.618 20.73575 6.5719 -82.87 4.4985 7.9944 -12.43 15.70475 3.992 -46.531 16.1805 6.4909 -55.541 7.5495 1.2795 79.567 8.5355 6.8262 -5.168 6.5655 5.1816 -12.152, -1
6.2035 6.0253 81.622 19.43825 6.1099 2.575 12.799 0.2576 21.743 16.0675 3.6391 -4.491 19.527 9.2755 -27.437 22.762 9.7142 -69.098 8.4505 9.1375 97.22 8.943 3.7386 92.006 19.31825 2.3712 -23.753 8.63825 2.9345 63.045 16.53525 1.9865 -7.153 11.923 1.6201 -48.265 2.75425 2.4475 28.638 1.458 5.3303 96.76 11.058 5.5921 -87.1 21.011 7.3069 -40.842 4.37775 8.0089 -98.591 7.40775 0.8942 98.557 15.232 8.3148 97.21 15.256 8.7413 99.675 12.65275 1.2045 -68.076 10.58525 6.2891 65.303 14.07575 3.5245 -50.336, -1
7.16675 3.3235 97.733 19.7455 8.8462 71.049 24.0515 9.6398 -99.432 15.37175 7.1223 73.18 16.65625 4.8275 73.476 0.9665 8.09 33.824 21.7995 6.2886 80.124 5.59925 7.2695 -12.653 0.189 9.8444 -94.996 1.1415 9.909 -70.602 15.58375 4.2231 84.492 8.833 2.731 -17.459 19.36775 0.5203 -86.236 11.7635 4.6343 9.272 15.5575 2.3289 -95.238 4.93975 1.057 53.416 0.18025 6.4756 93.118 23.3285 7.381 -74.527 8.36125 7.41 50.899 21.95525 1.5633 -59.345 16.48925 3.9071 -15.99 6.77275 9.3811 -19.828 0.721 8.0 -50.884, -1
4.61375 1.2781 -71.78 0.23225 0.877 -37.445 12.08925 8.3694 62.077 2.84075 7.0596 42.737 17.36325 7.2 48.638 8.613 6.653 14.425 17.0425 3.3409 -74.258 5.54325 6.8746 97.278 5.172 6.4424 -4.948 16.8725 4.0376 84.244 16.44925 9.7237 55.648 5.7495 3.4536 -9.353 20.49175 5.8915 -39.934 18.699 0.4153 18.837 7.95025 0.5504 -8.236 23.0825 6.7318 72.111 19.05025 7.1393 -68.562 0.59575 0.627 -65.188 20.66775 2.2782 89.801 16.6155 1.9579 98.004 13.48875 2.3145 22.682 19.564 5.7607 -85.302 16.545 5.2516 -8.124, -1
22.376 6.3443 -53.713 21.87475 2.3844 -26.956 14.1215 2.6951 -18.34 23.48325 1.961 7.544 7.77 6.2887 68.186 0.847 3.3729 -82.095 16.11375 3.1053 18.362 24.78425 9.6693 -42.274 2.04325 4.514 30.004 10.4605 7.4994 -7.408 18.6465 4.2458 -65.235 8.76 3.2467 -20.887 0.046 6.6264 92.133 3.13575 1.3323 43.936 24.30725 3.8732 -27.595 24.52475 0.6266 5.621 17.473 6.8734 -89.641 14.46925 5.585 -59.234 11.21425 2.0968 74.722 21.656 6.7053 -60.271 5.35375 1.4824 -75.936 13.404 6.6723 61.003 20.962 3.2971 -94.904, -1
23.474 6.3704 -80.208 18.54175 7.1821 43.775 3.27225 4.4827 18.176 20.66575 1.0602 75.084 22.44025 4.6321 -21.133 9.63525 6.8829 71.125 10.8465 0.4896 -54.291 3.1375 7.6116 10.883 8.81675 0.1867 -83.91 6.62675 4.6491 -90.66 9.23275 2.9867 -61.046 20.70775 2.5663 -14.717 4.23725 2.9273 -97.027 20.335 1.1336 50.598 1.8995 9.1152 70.448 24.842 3.4482 36.546 11.7105 3.538 -44.232 15.758 5.9591 -85.42 7.3515 7.6471 28.025 17.20975 3.0235 -11.248 13.71625 5.1296 -75.686 12.75375 2.3219 -67.603 0.30375 3.1623 79.84, -1
3.7305 3.1253 14.334 4.56375 6.8949 -21.574 1.5555 4.1966 -88.281 24.7405 6.6281 88.485 11.50675 4.6212 40.247 5.4925 1.7595 7.756 10.6145 0.5445 -32.701 6.3815 4.9593 -78.009 21.90725 9.0341 24.775 20.4605 6.0759 -83.462 2.6685 9.4544 46.381 22.63575 6.5798 -21.224 3.2015 5.5949 64.79 9.911 5.9729 64.712 22.0195 4.9461 -32.209 1.02825 9.9994 -54.903 8.63475 5.2224 -94.494 6.52875 7.3616 51.137 13.56225 6.0144 80.965 12.63175 0.7715 66.056 18.662 2.8608 0.819 16.71675 9.4129 54.017 23.857 5.2012 78.663, -1
11.9005 3.9983 87.737 20.8245 1.5605 32.896 1.6355 5.5921 -79.858 17.60125 7.2304 -61.396 20.623 0.9409 51.217 6.19325 4.4911 -11.989 17.39925 5.6138 77.538 18.034 7.3565 54.51 8.293 8.8851 54.578 14.1095 4.3497 -90.808 14.5025 8.7745 58.606 18.0515 0.4778 -63.063 12.02825 9.2293 52.984 5.47175 3.1836 55.189 12.202 5.0566 -90.773 1.13525 6.8315 -94.364 0.0875 5.6576 67.975 1.468 0.4273 -31.656 0.89675 8.7154 20.503 0.525 3.8249 84.564 9.80625 9.8308 76.681 18.31775 0.4019 96.296 24.44675 3.525 2.462, -1
22.80525 7.2886 -56.121 17.70225 2.35 99.763 1.254 9.5578 72.561 24.81575 7.2504 41.341 5.10525 8.0361 -85.677 18.20825 6.7449 -52.873 12.249 5.0784 -95.564 9.39075 8.61 14.384 2.20375 2.5583 -77.951 18.2475 1.6438 -86.82 20.97725 7.668 78.611 14.44475 1.2509 30.943 8.303 1.3645 -86.927 14.95675 7.8066 -92.846 10.892 0.0682 56.739 20.379 0.3571 -56.564 13.9265 2.2251 -50.079 6.041 7.3891 24.612 20.5955 8.5102 14.929 20.321 2.1692 -58.559 0.0905 4.1564 -17.872 4.89225 5.7178 1.714 16.62725 0.5985 73.263, -1
21.3615 2.8678 47.919 0.65025 7.7652 52.964 15.87625 0.8516 73.195 9.822 5.6255 -52.772 2.913 7.2918 40.584 22.02025 0.1238 85.678 4.646 3.2964 -23.562 23.22725 2.7302 76.5 2.88625 0.8384 -66.754 1.96575 0.447 -16.255 18.6475 7.9115 -87.71 13.9715 4.547 -75.518 2.8535 5.9757 -11.777 15.168 0.5428 75.348 5.195 7.4331 -46.65 21.982 6.2233 -86.724 2.189 5.5151 -62.82 21.422 1.5163 -72.146 21.9445 0.2742 31.673 2.837 1.0339 72.909 18.3215 7.0917 53.18 15.39625 4.5597 97.045 11.692 1.6837 -47.875, -1
0.517 7.7331 -29.562 3.073 8.6701 87.11 2.62375 5.579 -70.002 7.477 2.5729 6.481 11.06275 6.0659 -4.589 13.6615 9.3541 -48.466 18.0015 4.4572 35.536 2.4005 2.4921 29.112 13.121 2.2373 -52.352 12.79225 9.4049 -49.886 12.60725 2.533 -20.378 6.3065 5.093 -11.707 12.12425 6.7084 95.416 7.525 9.9845 -4.53 21.90825 9.6673 84.61 2.0485 9.9323 -84.458 1.98925 4.4818 -85.173 3.1505 8.0071 60.676 13.21 4.6187 15.85 17.57 6.6205 31.301 4.20625 2.7655 95.309 22.63125 6.5205 61.512 12.96025 9.0793 -38.484, -1
18.03825 9.6073 -10.835 24.83375 3.215 -92.893 0.38075 6.3854 79.994 9.24 3.9113 -6.646 0.85525 1.1936 -50.311 7.66425 7.3283 88.118 12.9175 8.6941 -52.746 13.71375 8.6139 -85.934 11.57425 6.6112 -43.618 16.22075 2.008 70.109 5.58525 0.9029 -26.978 12.97825 8.4095 51.63 0.79275 0.8816 -31.689 4.79125 1.6492 -12.877 6.04325 8.6443 58.982 7.04025 0.0393 -94.392 24.808 8.9952 -73.785 0.67475 1.5621 87.021 12.3825 3.9828 -51.739 16.34825 4.9699 29.134 23.95775 7.6599 -1.075 21.54925 6.1559 -31.634 2.075 0.2051 92.398, -1
12.5835 6.354 19.622 8.29525 1.1657 -65.595 7.65825 0.7968 66.092 21.28525 0.5622 -96.618 6.68025 2.6727 68.411 1.4675 7.4444 -27.239 6.0035 1.5947 6.145 18.8985 5.7668 -30.796 23.2135 2.0147 -22.623 21.6025 7.8094 67.291 4.872 1.0662 21.231 2.701 7.5103 12.336 8.02375 7.4958 -6.615 10.764 1.0939 -75.296 7.33875 0.3621 -83.088 13.6765 4.3016 82.775 10.7235 8.3974 -21.888 14.10675 8.6902 -62.261 3.68425 4.0435 -5.022 13.829 9.1035 -43.641 21.9925 2.4235 27.721 18.29275 9.1377 -71.258 9.82475 8.3636 -49.131, -1
5.57925 0.5903 -61.295 22.69175 9.3063 53.173 16.9885 2.2927 -12.012 4.0865 5.7516 96.75 14.4025 4.5289 87.389 19.765 4.023 75.985 1.207 4.0987 -78.844 15.14625 9.6579 -95.533 3.5785 5.5592 54.422 14.206 9.4349 96.899 13.327 1.3593 15.25 11.953 9.8539 70.556 0.3275 1.6468 57.987 11.23775 1.7641 26.537 12.648 7.7337 79.656 14.806 9.0253 19.994 9.797 3.5466 90.031 15.9915 6.2668 14.292 12.89275 1.2355 64.064 5.2965 3.5254 -12.025 23.13175 8.9588 0.802 23.91725 1.9475 -9.513 17.40925 3.0072 10.444, -1
0.6765 0.6883 -94.237 24.79925 0.9213 -79.458 5.9875 8.5368 8.715 5.9825 9.9647 -74.415 18.5705 3.7757 80.162 6.74175 5.3385 6.544 11.90525 4.4294 -11.569 0.7945 1.2004 32.86 6.73575 4.9204 81.917 9.695 7.5595 14.34 19.21 6.2352 -41.606 7.18675 1.3039 -57.378 11.2725 8.0857 -60.355 12.3745 6.6376 -17.087 22.196 1.8031 -80.9 5.5685 9.7724 -39.94 4.601 9.119 -64.621 8.944 4.3386 -33.984 17.78 4.6211 43.669 8.8695 9.8521 -45.664 19.87775 8.0757 16.347 2.71875 1.9145 -16.211 20.12325 5.9954 -86.834, -1
6.3355 1.2817 -26.019 11.02925 6.4237 -96.086 21.64575 4.0801 88.855 7.261 0.7865 -31.481 8.92125 0.7749 -80.381 24.86025 5.5384 -1.537 13.1175 8.5435 -52.363 9.45225 0.6149 -90.504 16.725 7.9686 31.856 13.9425 3.3712 -9.309 23.9965 6.2584 -34.834 3.59525 1.3112 85.061 6.663 7.3541 2.001 16.67175 5.4917 -16.98 19.67575 6.5292 6.083 12.0225 6.2579 -98.86 21.96025 3.2046 22.677 2.762 7.8118 -82.977 21.1695 7.8854 34.937 21.62625 5.6147 -6.343 19.47175 3.9908 81.631 15.023 0.6179 -17.889 8.353 0.8557 -7.107, -1
5.8485 8.7423 -77.142 8.36 2.5088 54.571 7.88 7.7616 4.999 23.16725 3.8664 66.86 23.65325 2.1256 96.651 7.71175 6.6698 90.882 16.20275 9.751 65.782 14.3375 5.5522 37.927 23.99875 7.7998 -78.781 22.90975 5.7709 73.802 19.083 6.811 -81.842 23.419 6.0387 -21.654 24.33875 5.5886 -91.154 19.098 5.2848 25.646 14.64 2.9189 45.947 6.4165 7.6567 -2.111 1.231 9.9764 6.785 14.404 9.1602 -29.293 8.0955 5.334 -67.885 15.63875 4.2828 -20.816 12.116 1.8355 52.57 4.997 2.6068 2.537 3.80225 6.462 92.488, -1
8.53 5.0024 -69.638 13.71525 6.3927 36.515 15.945 7.4544 34.611 15.12375 7.0554 3.934 3.4025 3.0228 -74.674 16.6705 3.5309 -2.264 20.424 6.2318 -81.444 17.2945 1.7985 -61.204 15.661 2.2113 47.392 11.5835 3.8476 -35.895 0.9165 3.0959 -78.661 5.801 5.1501 89.985 1.6595 9.0118 -50.969 9.01075 3.8288 -8.667 18.3725 2.2629 -86.766 16.8965 1.5714 73.762 12.5655 1.9405 24.827 16.40875 4.7338 47.057 20.12075 2.7379 -56.515 7.24525 6.4047 22.253 7.534 3.2398 98.184 15.86225 1.7682 45.72 5.25775 3.291 -3.482, -1
11.133 0.1229 38.446 8.52375 0.8062 96.734 7.29575 1.31 40.208 17.859 7.3002 84.4 7.0445 8.1251 46.68 21.635 4.3592 -94.952 3.9525 1.762 51.4 21.60075 0.5716 -87.309 12.9865 4.8289 43.642 4.63425 5.494 -81.932 2.33375 9.8144 -28.911 19.38575 5.9293 -97.301 19.2875 1.9064 -41.085 3.49675 6.0454 96.125 8.7725 4.3224 24.127 15.072 0.0366 -79.72 13.92275 8.6291 -78.309 18.84075 3.2034 64.425 5.6025 9.2605 -9.423 22.30275 0.2892 -45.427 24.63825 2.9928 -0.366 13.2905 4.7961 2.24 16.66225 7.7429 72.832, -1
15.79425 4.1635 63.744 16.219 6.7427 3.789 22.7135 8.4388 -99.775 18.681 4.0429 -30.751 22.69875 5.7622 -9.034 6.78275 8.7318 -15.225 15.3205 6.6659 -69.078 11.25875 7.192 86.482 23.758 2.7716 71.435 23.05925 5.0097 53.169 17.1775 5.5327 49.215 1.4625 5.0037 71.151 22.52475 6.1663 -95.441 2.047 2.9052 -11.463 9.8785 8.0923 -60.887 6.25125 3.8361 61.756 17.5445 3.4492 31.505 15.635 2.8082 -23.819 19.84225 1.0752 8.841 1.35925 7.2889 -65.263 17.76325 9.0729 -49.197 6.8835 7.5468 -66.249 17.82225 2.2124 49.026, -1
21.566 0.5032 81.557 15.69475 4.9581 67.693 16.37075 7.6509 5.998 21.00225 3.9806 -59.455 21.33025 4.0537 -43.576 4.16025 0.0524 46.288 18.0785 2.2324 46.423 14.113 1.5548 62.622 19.20725 8.563 -96.37 18.0315 5.7033 -41.377 20.54525 6.2239 33.632 12.37225 0.2978 59.861 22.91575 7.838 -94.361 5.756 3.3051 -85.215 22.05775 5.6307 11.315 6.9925 7.2258 -99.367 23.54325 7.2321 -94.49 15.33875 3.9348 99.066 12.03775 8.0793 59.894 10.764 6.0789 -35.979 13.57675 1.2019 89.821 3.98275 3.1755 1.526 5.567 7.5754 -98.735, -1
15.523 2.258 -95.565 7.23275 0.5912 78.76 18.58275 6.6813 -3.487 24.007 7.5491 16.738 4.3215 2.3696 88.067 7.47 5.3914 -0.892 15.179 8.1352 -96.749 9.239 9.68 -78.479 8.926 0.1407 -69.984 23.69725 1.2209 -93.937 13.0905 7.1718 -13.63 19.0995 9.2112 -63.993 24.73425 6.3158 -15.346 5.1085 1.65 -40.446 18.939 0.1948 47.185 8.67475 8.7465 -43.799 24.46025 6.3444 82.103 24.90775 6.1689 13.828 17.70675 9.182 3.268 18.1375 7.1744 26.242 9.54625 7.3 60.206 6.36875 9.2665 -4.483 5.5355 3.233 12.084, -1
20.62 7.3794 47.008 10.6305 7.9376 97.024 12.7505 4.7863 -55.378 14.04075 1.4522 19.56 4.39975 8.3942 -71.876 7.9175 5.619 68.706 0.541 0.0455 61.018 2.3295 0.2817 -63.97 12.27125 4.5152 -0.124 1.676 6.8291 -76.077 9.681 6.4946 -11.601 11.845 7.6993 1.869 2.87125 0.6061 2.295 23.618 8.8934 -29.543 7.20925 8.4421 32.693 24.2225 0.3388 -11.404 23.1225 1.383 -25.167 0.1455 9.9031 -94.648 12.2765 0.474 -80.473 6.524 3.3098 -67.593 10.113 6.3953 99.866 5.46425 6.6203 -98.941 6.691 7.4044 -16.734, -1
3.56625 0.1866 -94.441 20.903 0.0851 -51.937 15.63775 1.5845 12.602 5.27725 5.716 38.622 9.4225 9.4231 84.126 19.1045 9.2919 -0.76 21.50275 4.619 94.928 16.0805 7.6951 66.476 3.68475 0.7595 -51.501 1.95425 6.5181 24.78 15.1715 0.1099 -24.059 4.45325 0.3805 54.299 11.99925 6.2924 29.303 9.871 9.1826 -16.214 11.20475 0.9576 77.835 5.457 8.443 33.89 22.57025 4.0255 28.617 8.15225 3.0035 -33.795 19.745 4.9113 -86.697 6.75625 9.3818 92.31 0.5785 8.5422 64.445 5.15425 8.2629 -38.443 21.37725 9.246 80.215, -1
9.73325 5.7636 -99.689 22.159 3.8383 -58.222 24.4115 3.4692 63.447 13.77875 7.2128 -70.32 12.54375 2.4054 43.664 5.51075 0.305 -75.107 9.603 7.477 -58.389 9.10875 9.7787 -7.503 4.81475 4.6382 -77.203 20.37975 0.1914 31.938 19.0625 3.5041 -79.615 5.73525 8.6341 -35.717 23.44375 2.3876 89.121 12.6075 5.0472 32.214 1.86675 4.5578 32.378 21.4085 1.7703 -82.041 19.4935 8.8632 15.668 9.99875 6.7413 3.293 6.057 3.1281 44.192 7.72 0.0893 -81.456 5.49525 5.9542 21.604 14.97175 5.4583 -82.495 19.42025 5.4797 -92.672, -1
3.962 1.068 -66.65 8.9015 2.098 72.349 13.22225 7.5969 -39.731 5.17775 0.0534 30.968 9.33275 2.2494 -81.741 5.4325 0.5017 68.504 21.1915 2.4635 -8.963 15.53725 9.7848 83.53 17.90575 2.822 70.204 1.802 4.1927 37.232 18.5465 3.026 98.018 1.42425 9.6359 -20.052 19.32475 2.7251 -91.084 3.08825 9.7538 77.703 21.8555 1.7853 59.491 2.99425 7.1897 12.504 17.63575 5.2284 66.483 3.38975 9.795 6.378 11.755 4.5334 -25.915 10.965 4.8976 51.84 4.5175 6.0393 -78.726 1.19575 8.6955 -23.443 8.6165 5.8976 -65.68, -1
14.84025 3.2876 28.033 10.00875 5.831 80.413 8.022 1.418 42.306 15.78175 1.0126 -44.219 4.07625 4.1661 67.244 13.843 8.3442 -70.1 2.13675 8.1324 -20.9 11.755 8.5132 -44.525 21.99275 8.2157 -32.882 23.0435 3.1183 -6.902 16.294 1.5863 95.454 1.34025 0.457 9.451 4.12025 0.0667 37.855 14.4625 4.3002 -33.736 9.6 8.7469 73.379 3.405 6.4467 9.06 17.0145 8.2602 -31.082 19.80675 5.5954 -73.556 14.17675 7.4226 81.687 15.968 0.9263 -73.859 7.84075 0.8079 -80.055 2.156 0.0355 71.61 17.65325 8.0206 76.657, -1
13.5225 2.5725 -11.186 1.97825 1.9884 59.591 12.56075 6.8827 -80.292 12.04375 4.1416 -49.286 1.78775 9.536 71.256 5.4605 2.1561 -21.022 12.32925 3.9372 -52.515 16.3985 0.6289 -71.709 3.97075 9.7546 -43.517 13.07675 2.8694 77.149 17.43775 6.5222 59.446 20.80925 9.4315 63.586 6.07775 0.8137 97.74 24.5135 3.7078 81.552 24.63825 7.7828 -40.19 8.2055 6.7455 24.629 18.3685 5.1282 -58.457 14.3695 1.916 -10.607 23.67875 7.5755 -88.738 7.808 0.2677 54.336 10.658 4.4503 50.316 14.749 7.9676 -56.717 1.39575 6.54 75.406, -1
3.07475 5.9738 -9.05 0.541 7.5127 -32.997 13.75975 9.0418 5.603 18.743 4.4126 -63.277 11.593 6.0363 93.223 8.51275 1.9394 -60.334 22.253 9.7096 -7.728 17.325 2.5397 60.947 11.8655 8.1562 -4.647 17.1245 2.4011 58.625 15.374 7.8903 -0.554 3.57525 5.4142 37.926 3.18675 2.5469 -45.539 12.78725 8.9977 -91.309 6.98375 0.2051 79.159 2.4265 5.7751 -1.588 15.50175 4.7332 15.121 0.02225 9.4213 47.315 16.63625 0.6656 -84.79 16.20525 3.634 -77.333 4.95475 8.3067 -1.331 19.50425 7.9432 -42.949 23.55075 4.0875 -38.885, -1
22.66925 6.5744 10.272 13.93925 9.2783 69.529 13.554 8.5519 -10.41 14.475 0.5815 62.931 24.75425 7.2695 82.97 18.79525 4.5301 20.461 1.2095 0.3022 -40.558 11.71275 2.9236 60.211 14.847 2.5316 94.189 8.35325 6.8556 -12.599 3.1255 5.4444 -97.2 19.14225 7.1674 -8.39 4.117 8.9455 66.43 19.91575 1.4429 -59.188 0.4265 9.508 -51.447 1.85725 1.013 -60.943 16.69675 5.3612 37.247 14.43825 6.5818 -37.095 24.06725 3.0994 -39.786 24.0005 5.8572 -29.111 2.992 1.6407 -34.079 16.26825 7.0519 72.201 21.93625 3.5885 -76.544, -1
12.8105 6.1792 -37.032 23.781 6.1196 66.006 13.7735 9.0634 -16.014 13.4805 7.2952 8.981 22.26425 6.5724 67.737 8.22875 4.2867 15.432 8.968 5.9502 33.056 17.24025 4.1435 -60.433 12.887 4.5057 25.07 19.79875 1.3261 -46.847 22.356 1.4428 89.153 5.201 2.1308 20.935 19.55575 1.4355 -74.878 15.20925 5.8658 66.134 0.575 7.382 60.393 1.47825 9.0754 -79.786 24.8965 2.8682 -98.729 17.09375 2.6905 -20.584 0.81625 9.3299 30.946 1.39475 5.6296 -32.934 18.50325 5.7439 44.297 6.603 4.2159 31.871 24.58725 2.6869 -31.453, -1
15.672 0.3137 -46.189 11.8595 7.0685 -17.834 9.2235 7.1476 21.962 5.97825 9.7092 24.092 4.93075 9.8211 -76.272 8.27725 7.2515 86.847 24.458 9.2618 99.725 16.45025 3.0316 66.327 0.2715 5.5499 -29.641 24.90825 1.3672 84.685 4.393 9.0763 -6.365 0.96125 1.8768 82.522 4.0 1.7698 52.353 9.459 3.0993 48.415 6.98 3.6186 91.477 6.4465 0.3666 -57.553 6.67325 9.4995 -70.312 19.95125 0.3094 -4.381 21.762 1.0932 -23.82 13.81975 5.7686 -78.075 19.68025 0.363 30.477 3.29075 3.6371 13.472 2.868 7.5084 21.737, -1
1.21575 2.6573 23.058 12.921 9.0386 87.11 22.299 1.2474 51.203 18.5455 3.587 -69.162 1.187 4.9586 -64.739 18.9225 0.9207 64.687 7.43425 8.8586 22.077 24.018 7.2692 -90.935 11.94675 4.6168 81.832 5.6455 1.0198 -63.458 8.58775 0.9508 -90.207 16.6565 2.085 50.211 22.93675 9.0761 -59.665 24.3235 4.6743 -0.415 10.632 3.3913 44.369 17.9075 2.2023 18.63 20.80525 1.1191 -88.945 14.53925 8.1508 18.19 9.3715 2.6288 68.647 13.15325 5.3096 75.316 2.02775 2.7777 -83.082 20.6585 2.7407 -76.623 22.8815 0.493 11.415, -1
8.7405 6.5321 1.978 22.62075 0.2941 -46.809 14.90425 8.4156 34.728 19.79675 0.4654 -51.691 10.60075 3.3217 7.213 19.76775 2.4638 -43.787 21.385 9.0009 -86.588 4.85425 4.2211 97.309 9.531 8.2183 -48.917 22.35075 5.8457 -63.303 0.13175 2.3096 9.794 8.5445 1.5136 -78.06 12.75175 3.8887 40.559 14.96275 3.1186 -85.943 6.231 4.9831 -96.89 4.98775 9.2754 97.991 18.978 4.0878 -99.719 16.76825 9.3527 68.05 23.83325 7.999 64.701 3.47825 9.7715 34.888 11.7815 6.2623 8.156 4.43625 7.6846 -36.584 15.15375 1.0227 -61.72, -1
18.0775 5.1452 -96.668 19.41575 4.1929 46.575 3.31825 2.6329 97.351 3.309 7.6622 -36.786 7.87525 6.4886 6.306 5.21925 7.455 47.818 13.40675 6.2375 96.99 9.22525 0.2509 98.119 19.22075 7.2323 -25.066 23.53725 5.4723 67.589 9.238 7.813 40.755 21.46975 3.6104 21.654 21.05225 5.5146 -22.628 7.6105 1.5482 -69.271 13.60575 1.0727 56.804 10.8655 3.8574 -63.111 12.393 7.7078 -31.454 11.5085 0.6029 -50.386 9.46375 8.1665 26.668 20.72275 6.1671 7.147 21.23325 3.4069 75.96 6.84525 4.0633 -61.347 20.23575 0.7985 -19.16, -1
6.6595 9.1544 83.916 8.5775 6.5572 -62.754 17.63575 3.2016 25.01 9.85 5.6371 -10.632 20.03 1.1393 -0.398 5.079 1.1023 -16.241 13.5475 0.1301 69.406 21.7265 5.8691 -78.608 16.723 7.4487 66.613 5.267 3.9912 -62.185 22.58375 5.1759 32.163 7.41675 3.9037 -50.303 23.8755 3.7908 19.53 23.02675 6.5884 83.109 0.09175 0.6784 10.301 21.53925 6.6213 0.02 2.88925 8.7607 -7.582 16.89525 9.4501 -76.128 20.1145 5.0742 -91.189 15.47925 2.7821 -43.466 5.89375 9.7634 -33.781 0.28375 9.2926 -39.796 2.11225 6.8823 -60.338, -1
1.492 1.426 56.982 4.56375 5.1178 -16.648 5.3125 9.0779 57.53 22.679 9.612 -28.946 12.0345 1.2451 37.691 14.12075 5.407 0.914 13.9995 5.1867 34.913 21.45775 1.2392 -8.846 11.958 7.2542 -89.512 7.38175 4.288 -24.938 20.6635 2.024 81.794 22.6385 1.6603 5.498 11.82225 6.5363 69.5 23.37475 8.5564 23.457 14.6875 2.6692 56.247 12.37725 9.6497 -37.893 7.7045 1.1555 -70.603 21.34375 3.0868 -85.314 20.04275 3.6397 33.518 15.03175 7.3929 1.189 17.19775 9.483 -0.233 13.4265 2.071 37.809 6.91475 3.1431 40.753, -1
19.2305 7.4838 -0.503 11.6755 7.7426 -16.871 17.525 6.2184 -70.376 15.1845 2.2024 -29.018 0.9845 7.6547 -87.256 15.209 1.3202 -36.735 18.66 5.2972 38.366 8.53425 1.0598 -34.406 16.79 9.5869 -62.576 20.9265 9.6775 -57.524 2.3665 1.0876 68.938 10.37475 5.1922 35.782 23.0845 3.8618 72.406 17.20025 9.3593 -84.975 19.41 6.6991 -19.4 0.3865 8.9576 67.931 5.2595 9.5467 -49.496 9.89525 3.2929 1.482 24.009 0.6326 88.936 2.72525 0.6953 3.746 10.84375 8.595 -88.04 2.34325 2.3468 38.365 9.42125 3.9416 -83.084, -1
18.007 4.4725 -22.801 21.833 5.5884 55.691 13.26875 4.098 -93.028 15.1255 6.4123 -90.638 8.319 4.731 46.573 12.8905 4.4497 -54.551 12.1865 8.0155 4.199 4.59775 8.9838 -80.084 19.758 0.0251 -15.779 24.07125 4.8293 25.143 2.907 3.815 66.655 11.6085 7.3729 47.82 8.78625 2.1012 -15.756 22.04475 4.9075 8.299 10.05575 3.0753 24.74 17.425 7.0787 -17.975 0.43725 6.1412 56.854 20.087 3.4894 -37.704 10.229 8.463 98.903 19.9025 5.9039 53.182 23.98075 3.2884 22.702 0.99175 0.3782 67.04 12.3245 4.5402 23.384, -1
9.72325 5.8636 43.374 7.28475 6.785 -68.296 2.59925 5.6717 14.425 10.08275 0.7135 82.524 0.9985 3.0461 -67.433 21.79 8.074 -81.783 7.444 5.2547 -86.675 12.56675 8.3657 60.315 17.13 4.6041 -53.391 9.80775 8.8524 86.187 14.09275 1.8515 11.831 22.74125 4.807 16.259 1.15275 3.841 9.666 20.865 0.1652 -36.947 23.378 9.8934 -57.859 22.6565 6.5461 56.426 7.959 0.2832 81.938 22.288 0.7026 -64.492 9.2745 0.8959 -62.461 3.32575 7.3334 57.257 10.4625 1.5192 29.157 16.70825 3.8029 22.121 1.971 6.4366 -99.2, -1
8.789 9.0322 46.654 23.1695 8.1588 34.908 23.7655 6.5936 81.796 23.91175 4.7645 -25.893 3.71675 4.3368 68.616 12.98575 7.1502 81.137 8.65475 1.0576 -86.594 1.97675 4.2923 6.588 21.8305 3.6354 43.668 1.446 2.8747 -94.511 1.97225 3.205 -10.099 23.84575 2.473 -46.603 20.526 8.3739 68.254 7.373 9.1872 -18.495 23.2555 6.5021 18.764 12.1115 8.2499 81.193 15.2205 1.9858 -41.714 20.32725 1.4163 87.432 2.71125 3.3031 -30.042 23.52125 9.509 46.575 4.068 6.4282 58.669 22.51325 0.8526 -68.226 0.13325 0.4065 -61.289, -1
9.4355 1.1478 -69.152 20.73375 7.9287 -83.385 24.5475 4.9137 -94.113 12.17825 3.6095 -20.641 16.143 0.8678 -23.626 3.7005 5.2678 30.74 21.47525 7.2483 83.271 8.24075 6.4415 -15.793 1.36025 9.5937 41.625 23.1365 2.2985 -46.995 5.3005 2.9599 65.445 16.56575 1.2313 93.316 6.2645 9.1055 21.944 5.246 4.1299 -74.317 17.605 1.6335 59.515 5.218 5.7272 62.755 12.66975 3.3145 69.134 1.90525 6.5997 -78.719 8.8275 5.4801 -62.799 21.4455 8.8038 -1.066 19.015 2.0438 27.258 16.84875 5.5829 64.478 20.228 1.51 -53.53, -1
8.7445 6.5871 -15.771 1.322 8.6916 87.992 17.597 3.4681 70.773 3.67575 3.3272 -14.032 10.1445 1.1021 -53.692 1.40525 6.8573 -44.533 22.974 7.7371 13.052 6.153 5.9132 -13.108 19.261 0.352 9.615 6.8465 7.1862 37.21 7.896 3.2198 -92.019 9.7795 4.8325 -6.762 15.42525 7.4547 73.081 9.60475 7.3443 -30.779 15.0715 3.1541 36.622 24.18225 1.2692 93.548 11.41125 1.0423 -24.261 19.30625 3.4492 -83.991 14.429 6.9772 -30.66 13.818 7.3855 22.475 4.9665 4.8882 -19.708 13.35775 0.4768 31.587 10.45175 9.3671 -73.086, -1
